0.35 0.875
0.351 0.8752
0.352 0.8754
0.353 0.8756
0.354 0.8758
0.355 0.876
0.356 0.8762
0.357 0.8764
0.358 0.8766
0.359 0.8768
0.36 0.877
0.361 0.8772
0.362 0.8774
0.363 0.8776
0.364 0.8778
0.365 0.878
0.366 0.8782
0.367 0.8784
0.368 0.8786
0.369 0.8788
0.37 0.879
0.371 0.8792
0.372 0.8794
0.373 0.8796
0.374 0.8798
0.375 0.88
0.376 0.8802
0.377 0.8804
0.378 0.8806
0.379 0.8808
0.38 0.881
0.381 0.8812
0.382 0.8814
0.383 0.8816
0.384 0.8818
0.385 0.882
0.386 0.8822
0.387 0.8824
0.388 0.8826
0.389 0.8828
0.39 0.883
0.391 0.8832
0.392 0.8834
0.393 0.8836
0.394 0.8838
0.395 0.884
0.396 0.8842
0.397 0.8844
0.398 0.8846
0.399 0.8848
0.4 0.885
0.401 0.8851
0.402 0.8852
0.403 0.8853
0.404 0.8854
0.405 0.8855
0.406 0.8856
0.407 0.8857
0.408 0.8858
0.409 0.8859
0.41 0.886
0.411 0.8861
0.412 0.8862
0.413 0.8863
0.414 0.8864
0.415 0.8865
0.416 0.8866
0.417 0.8867
0.418 0.8868
0.419 0.8869
0.42 0.887
0.421 0.8871
0.422 0.8872
0.423 0.8873
0.424 0.8874
0.425 0.8875
0.426 0.8876
0.427 0.8877
0.428 0.8878
0.429 0.8879
0.43 0.888
0.431 0.8881
0.432 0.8882
0.433 0.8883
0.434 0.8884
0.435 0.8885
0.436 0.8886
0.437 0.8887
0.438 0.8888
0.439 0.8889
0.44 0.889
0.441 0.8891
0.442 0.8892
0.443 0.8893
0.444 0.8894
0.445 0.8895
0.446 0.8896
0.447 0.8897
0.448 0.8898
0.449 0.8899
0.45 0.89
0.451 0.89
0.452 0.89
0.453 0.89
0.454 0.89
0.455 0.89
0.456 0.89
0.457 0.89
0.458 0.89
0.459 0.89
0.46 0.89
0.461 0.89
0.462 0.89
0.463 0.89
0.464 0.89
0.465 0.89
0.466 0.89
0.467 0.89
0.468 0.89
0.469 0.89
0.47 0.89
0.471 0.89
0.472 0.89
0.473 0.89
0.474 0.89
0.475 0.89
0.476 0.89
0.477 0.89
0.478 0.89
0.479 0.89
0.48 0.89
0.481 0.89
0.482 0.89
0.483 0.89
0.484 0.89
0.485 0.89
0.486 0.89
0.487 0.89
0.488 0.89
0.489 0.89
0.49 0.89
0.491 0.89
0.492 0.89
0.493 0.89
0.494 0.89
0.495 0.89
0.496 0.89
0.497 0.89
0.498 0.89
0.499 0.89
0.5 0.89
0.501 0.8899
0.502 0.8898
0.503 0.8897
0.504 0.8896
0.505 0.8895
0.506 0.8894
0.507 0.8893
0.508 0.8892
0.509 0.8891
0.51 0.889
0.511 0.8889
0.512 0.8888
0.513 0.8887
0.514 0.8886
0.515 0.8885
0.516 0.8884
0.517 0.8883
0.518 0.8882
0.519 0.8881
0.52 0.888
0.521 0.8879
0.522 0.8878
0.523 0.8877
0.524 0.8876
0.525 0.8875
0.526 0.8874
0.527 0.8873
0.528 0.8872
0.529 0.8871
0.53 0.887
0.531 0.8869
0.532 0.8868
0.533 0.8867
0.534 0.8866
0.535 0.8865
0.536 0.8864
0.537 0.8863
0.538 0.8862
0.539 0.8861
0.54 0.886
0.541 0.8859
0.542 0.8858
0.543 0.8857
0.544 0.8856
0.545 0.8855
0.546 0.8854
0.547 0.8853
0.548 0.8852
0.549 0.8851
0.55 0.885
0.551 0.8849
0.552 0.8848
0.553 0.8847
0.554 0.8846
0.555 0.8845
0.556 0.8844
0.557 0.8843
0.558 0.8842
0.559 0.8841
0.56 0.884
0.561 0.8839
0.562 0.8838
0.563 0.8837
0.564 0.8836
0.565 0.8835
0.566 0.8834
0.567 0.8833
0.568 0.8832
0.569 0.8831
0.57 0.883
0.571 0.8829
0.572 0.8828
0.573 0.8827
0.574 0.8826
0.575 0.8825
0.576 0.8824
0.577 0.8823
0.578 0.8822
0.579 0.8821
0.58 0.882
0.581 0.8819
0.582 0.8818
0.583 0.8817
0.584 0.8816
0.585 0.8815
0.586 0.8814
0.587 0.8813
0.588 0.8812
0.589 0.8811
0.59 0.881
0.591 0.8809
0.592 0.8808
0.593 0.8807
0.594 0.8806
0.595 0.8805
0.596 0.8804
0.597 0.8803
0.598 0.8802
0.599 0.8801
0.6 0.88
0.601 0.8799
0.602 0.8798
0.603 0.8797
0.604 0.8796
0.605 0.8795
0.606 0.8794
0.607 0.8793
0.608 0.8792
0.609 0.8791
0.61 0.879
0.611 0.8789
0.612 0.8788
0.613 0.8787
0.614 0.8786
0.615 0.8785
0.616 0.8784
0.617 0.8783
0.618 0.8782
0.619 0.8781
0.62 0.878
0.621 0.8779
0.622 0.8778
0.623 0.8777
0.624 0.8776
0.625 0.8775
0.626 0.8774
0.627 0.8773
0.628 0.8772
0.629 0.8771
0.63 0.877
0.631 0.8769
0.632 0.8768
0.633 0.8767
0.634 0.8766
0.635 0.8765
0.636 0.8764
0.637 0.8763
0.638 0.8762
0.639 0.8761
0.64 0.876
0.641 0.8759
0.642 0.8758
0.643 0.8757
0.644 0.8756
0.645 0.8755
0.646 0.8754
0.647 0.8753
0.648 0.8752
0.649 0.8751
0.65 0.875
0.651 0.8749
0.652 0.8748
0.653 0.8747
0.654 0.8746
0.655 0.8745
0.656 0.8744
0.657 0.8743
0.658 0.8742
0.659 0.8741
0.66 0.874
0.661 0.8739
0.662 0.8738
0.663 0.8737
0.664 0.8736
0.665 0.8735
0.666 0.8734
0.667 0.8733
0.668 0.8732
0.669 0.8731
0.67 0.873
0.671 0.8729
0.672 0.8728
0.673 0.8727
0.674 0.8726
0.675 0.8725
0.676 0.8724
0.677 0.8723
0.678 0.8722
0.679 0.8721
0.68 0.872
0.681 0.8719
0.682 0.8718
0.683 0.8717
0.684 0.8716
0.685 0.8715
0.686 0.8714
0.687 0.8713
0.688 0.8712
0.689 0.8711
0.69 0.871
0.691 0.8709
0.692 0.8708
0.693 0.8707
0.694 0.8706
0.695 0.8705
0.696 0.8704
0.697 0.8703
0.698 0.8702
0.699 0.8701
0.7 0.87
0.701 0.8699
0.702 0.8698
0.703 0.8697
0.704 0.8696
0.705 0.8695
0.706 0.8694
0.707 0.8693
0.708 0.8692
0.709 0.8691
0.71 0.869
0.711 0.8689
0.712 0.8688
0.713 0.8687
0.714 0.8686
0.715 0.8685
0.716 0.8684
0.717 0.8683
0.718 0.8682
0.719 0.8681
0.72 0.868
0.721 0.8679
0.722 0.8678
0.723 0.8677
0.724 0.8676
0.725 0.8675
0.726 0.8674
0.727 0.8673
0.728 0.8672
0.729 0.8671
0.73 0.867
0.731 0.8669
0.732 0.8668
0.733 0.8667
0.734 0.8666
0.735 0.8665
0.736 0.8664
0.737 0.8663
0.738 0.8662
0.739 0.8661
0.74 0.866
0.741 0.8659
0.742 0.8658
0.743 0.8657
0.744 0.8656
0.745 0.8655
0.746 0.8654
0.747 0.8653
0.748 0.8652
0.749 0.8651
0.75 0.865
0.751 0.864866666666667
0.752 0.864733333333333
0.753 0.8646
0.754 0.864466666666667
0.755 0.864333333333333
0.756 0.8642
0.757 0.864066666666667
0.758 0.863933333333333
0.759 0.8638
0.76 0.863666666666667
0.761 0.863533333333333
0.762 0.8634
0.763 0.863266666666667
0.764 0.863133333333333
0.765 0.863
0.766 0.862866666666667
0.767 0.862733333333333
0.768 0.8626
0.769 0.862466666666667
0.77 0.862333333333333
0.771 0.8622
0.772 0.862066666666667
0.773 0.861933333333333
0.774 0.8618
0.775 0.861666666666667
0.776 0.861533333333333
0.777 0.8614
0.778 0.861266666666667
0.779 0.861133333333333
0.78 0.861
0.781 0.86095
0.782 0.8609
0.783 0.86085
0.784 0.8608
0.785 0.86075
0.786 0.8607
0.787 0.86065
0.788 0.8606
0.789 0.86055
0.79 0.8605
0.791 0.86045
0.792 0.8604
0.793 0.86035
0.794 0.8603
0.795 0.86025
0.796 0.8602
0.797 0.86015
0.798 0.8601
0.799 0.86005
0.8 0.86
0.801 0.86005
0.802 0.8601
0.803 0.86015
0.804 0.8602
0.805 0.86025
0.806 0.8603
0.807 0.86035
0.808 0.8604
0.809 0.86045
0.81 0.8605
0.811 0.86055
0.812 0.8606
0.813000000000001 0.86065
0.814000000000001 0.8607
0.815000000000001 0.86075
0.816000000000001 0.8608
0.817000000000001 0.86085
0.818000000000001 0.8609
0.819000000000001 0.86095
0.820000000000001 0.861
0.821000000000001 0.8613
0.822000000000001 0.8616
0.823000000000001 0.8619
0.824000000000001 0.8622
0.825000000000001 0.8625
0.826000000000001 0.8628
0.827000000000001 0.8631
0.828000000000001 0.8634
0.829000000000001 0.8637
0.830000000000001 0.864
0.831000000000001 0.8643
0.832000000000001 0.8646
0.833000000000001 0.8649
0.834000000000001 0.8652
0.835000000000001 0.8655
0.836000000000001 0.8658
0.837000000000001 0.8661
0.838000000000001 0.8664
0.839000000000001 0.8667
0.840000000000001 0.867
0.841000000000001 0.8673
0.842000000000001 0.8676
0.843000000000001 0.8679
0.844000000000001 0.8682
0.845000000000001 0.8685
0.846000000000001 0.8688
0.847000000000001 0.8691
0.848000000000001 0.8694
0.849000000000001 0.8697
0.850000000000001 0.87
0.851000000000001 0.8704
0.852000000000001 0.8708
0.853000000000001 0.8712
0.854000000000001 0.8716
0.855000000000001 0.872
0.856000000000001 0.8724
0.857000000000001 0.8728
0.858000000000001 0.8732
0.859000000000001 0.8736
0.860000000000001 0.874
0.861000000000001 0.8744
0.862000000000001 0.8748
0.863000000000001 0.8752
0.864000000000001 0.8756
0.865000000000001 0.876
0.866000000000001 0.8764
0.867000000000001 0.8768
0.868000000000001 0.8772
0.869000000000001 0.8776
0.870000000000001 0.878
0.871000000000001 0.8784
0.872000000000001 0.8788
0.873000000000001 0.8792
0.874000000000001 0.8796
0.875000000000001 0.88
0.876000000000001 0.8804
0.877000000000001 0.8808
0.878000000000001 0.8812
0.879000000000001 0.8816
0.880000000000001 0.882
0.881000000000001 0.8824
0.882000000000001 0.8828
0.883000000000001 0.8832
0.884000000000001 0.8836
0.885000000000001 0.884
0.886000000000001 0.8844
0.887000000000001 0.8848
0.888000000000001 0.8852
0.889000000000001 0.8856
0.890000000000001 0.886
0.891000000000001 0.8864
0.892000000000001 0.8868
0.893000000000001 0.8872
0.894000000000001 0.8876
0.895000000000001 0.888
0.896000000000001 0.8884
0.897000000000001 0.8888
0.898000000000001 0.8892
0.899000000000001 0.8896
0.900000000000001 0.89
0.901000000000001 0.8903
0.902000000000001 0.8906
0.903000000000001 0.8909
0.904000000000001 0.8912
0.905000000000001 0.8915
0.906000000000001 0.8918
0.907000000000001 0.8921
0.908000000000001 0.8924
0.909000000000001 0.8927
0.910000000000001 0.893
0.911000000000001 0.8933
0.912000000000001 0.8936
0.913000000000001 0.8939
0.914000000000001 0.8942
0.915000000000001 0.8945
0.916000000000001 0.8948
0.917000000000001 0.8951
0.918000000000001 0.8954
0.919000000000001 0.8957
0.920000000000001 0.896
0.921000000000001 0.8963
0.922000000000001 0.8966
0.923000000000001 0.8969
0.924000000000001 0.8972
0.925000000000001 0.8975
0.926000000000001 0.8978
0.927000000000001 0.8981
0.928000000000001 0.8984
0.929000000000001 0.8987
0.930000000000001 0.899
0.931000000000001 0.8993
0.932000000000001 0.8996
0.933000000000001 0.8999
0.934000000000001 0.9002
0.935000000000001 0.9005
0.936000000000001 0.9008
0.937000000000001 0.9011
0.938000000000001 0.9014
0.939000000000001 0.9017
0.940000000000001 0.902
0.941000000000001 0.9023
0.942000000000001 0.9026
0.943000000000001 0.9029
0.944000000000001 0.9032
0.945000000000001 0.9035
0.946000000000001 0.9038
0.947000000000001 0.9041
0.948000000000001 0.9044
0.949000000000001 0.9047
0.950000000000001 0.905
0.951000000000001 0.9053
0.952000000000001 0.9056
0.953000000000001 0.9059
0.954000000000001 0.9062
0.955000000000001 0.9065
0.956000000000001 0.9068
0.957000000000001 0.9071
0.958000000000001 0.9074
0.959000000000001 0.9077
0.960000000000001 0.908
0.961000000000001 0.9083
0.962000000000001 0.9086
0.963000000000001 0.9089
0.964000000000001 0.9092
0.965000000000001 0.9095
0.966000000000001 0.9098
0.967000000000001 0.9101
0.968000000000001 0.9104
0.969000000000001 0.9107
0.970000000000001 0.911
0.971000000000001 0.9113
0.972000000000001 0.9116
0.973000000000001 0.9119
0.974000000000001 0.9122
0.975000000000001 0.9125
0.976000000000001 0.9128
0.977000000000001 0.9131
0.978000000000001 0.9134
0.979000000000001 0.9137
0.980000000000001 0.914
0.981000000000001 0.9143
0.982000000000001 0.9146
0.983000000000001 0.9149
0.984000000000001 0.9152
0.985000000000001 0.9155
0.986000000000001 0.9158
0.987000000000001 0.9161
0.988000000000001 0.9164
0.989000000000001 0.9167
0.990000000000001 0.917
0.991000000000001 0.9173
0.992000000000001 0.9176
0.993000000000001 0.9179
0.994000000000001 0.9182
0.995000000000001 0.9185
0.996000000000001 0.9188
0.997000000000001 0.9191
0.998000000000001 0.9194
0.999000000000001 0.9197
1.0 0.92
1.001 0.92012
1.002 0.92024
1.003 0.92036
1.004 0.92048
1.005 0.9206
1.006 0.92072
1.007 0.92084
1.008 0.92096
1.009 0.92108
1.01 0.9212
1.011 0.92132
1.012 0.92144
1.013 0.92156
1.014 0.92168
1.015 0.9218
1.016 0.92192
1.017 0.92204
1.018 0.92216
1.019 0.92228
1.02 0.9224
1.021 0.92252
1.022 0.92264
1.023 0.92276
1.024 0.92288
1.025 0.923
1.026 0.92312
1.027 0.92324
1.028 0.92336
1.029 0.92348
1.03 0.9236
1.031 0.92372
1.032 0.92384
1.033 0.92396
1.034 0.92408
1.035 0.9242
1.036 0.92432
1.037 0.92444
1.038 0.92456
1.039 0.92468
1.04 0.9248
1.041 0.92492
1.042 0.92504
1.043 0.92516
1.044 0.92528
1.045 0.9254
1.046 0.92552
1.047 0.925639999999999
1.048 0.925759999999999
1.049 0.925879999999999
1.05 0.925999999999999
1.051 0.926119999999999
1.05199999999999 0.926239999999999
1.05299999999999 0.926359999999999
1.05399999999999 0.926479999999999
1.05499999999999 0.926599999999999
1.05599999999999 0.926719999999999
1.05699999999999 0.926839999999999
1.05799999999999 0.926959999999999
1.05899999999999 0.927079999999999
1.05999999999999 0.927199999999999
1.06099999999999 0.927319999999999
1.06199999999999 0.927439999999999
1.06299999999999 0.927559999999999
1.06399999999999 0.927679999999999
1.06499999999999 0.927799999999999
1.06599999999999 0.927919999999999
1.06699999999999 0.928039999999999
1.06799999999999 0.928159999999999
1.06899999999999 0.928279999999999
1.06999999999999 0.928399999999999
1.07099999999999 0.928519999999999
1.07199999999999 0.928639999999999
1.07299999999999 0.928759999999999
1.07399999999999 0.928879999999999
1.07499999999999 0.928999999999999
1.07599999999999 0.929119999999999
1.07699999999999 0.929239999999999
1.07799999999999 0.929359999999999
1.07899999999999 0.929479999999999
1.07999999999999 0.929599999999999
1.08099999999999 0.929719999999999
1.08199999999999 0.929839999999999
1.08299999999999 0.929959999999999
1.08399999999999 0.930079999999999
1.08499999999999 0.930199999999999
1.08599999999999 0.930319999999999
1.08699999999999 0.930439999999999
1.08799999999999 0.930559999999999
1.08899999999999 0.930679999999999
1.08999999999999 0.930799999999999
1.09099999999999 0.930919999999999
1.09199999999999 0.931039999999999
1.09299999999999 0.931159999999999
1.09399999999999 0.931279999999999
1.09499999999999 0.931399999999999
1.09599999999999 0.931519999999999
1.09699999999999 0.931639999999999
1.09799999999999 0.931759999999999
1.09899999999999 0.931879999999999
1.09999999999999 0.931999999999999
1.10099999999999 0.932079999999999
1.10199999999999 0.932159999999999
1.10299999999999 0.932239999999999
1.10399999999999 0.932319999999999
1.10499999999999 0.932399999999999
1.10599999999999 0.932479999999999
1.10699999999999 0.932559999999999
1.10799999999999 0.932639999999999
1.10899999999999 0.932719999999999
1.10999999999999 0.932799999999999
1.11099999999999 0.932879999999999
1.11199999999999 0.932959999999999
1.11299999999999 0.933039999999999
1.11399999999999 0.933119999999999
1.11499999999999 0.933199999999999
1.11599999999999 0.933279999999999
1.11699999999999 0.933359999999999
1.11799999999999 0.933439999999999
1.11899999999999 0.933519999999999
1.11999999999999 0.933599999999999
1.12099999999999 0.933679999999999
1.12199999999999 0.933759999999999
1.12299999999999 0.933839999999999
1.12399999999999 0.933919999999999
1.12499999999999 0.933999999999999
1.12599999999999 0.934079999999999
1.12699999999999 0.934159999999999
1.12799999999999 0.934239999999999
1.12899999999999 0.934319999999999
1.12999999999999 0.934399999999999
1.13099999999999 0.934479999999999
1.13199999999999 0.934559999999999
1.13299999999999 0.934639999999999
1.13399999999999 0.934719999999999
1.13499999999999 0.934799999999999
1.13599999999999 0.934879999999999
1.13699999999999 0.934959999999999
1.13799999999999 0.935039999999999
1.13899999999999 0.935119999999999
1.13999999999999 0.935199999999999
1.14099999999999 0.935279999999999
1.14199999999999 0.935359999999999
1.14299999999998 0.935439999999999
1.14399999999998 0.935519999999999
1.14499999999998 0.935599999999999
1.14599999999998 0.935679999999999
1.14699999999998 0.935759999999999
1.14799999999998 0.935839999999999
1.14899999999998 0.935919999999999
1.14999999999998 0.935999999999999
1.15099999999998 0.936079999999999
1.15199999999998 0.936159999999999
1.15299999999998 0.936239999999999
1.15399999999998 0.936319999999999
1.15499999999998 0.936399999999999
1.15599999999998 0.936479999999999
1.15699999999998 0.936559999999999
1.15799999999998 0.936639999999999
1.15899999999998 0.936719999999999
1.15999999999998 0.936799999999999
1.16099999999998 0.936879999999999
1.16199999999998 0.936959999999999
1.16299999999998 0.937039999999999
1.16399999999998 0.937119999999999
1.16499999999998 0.937199999999999
1.16599999999998 0.937279999999999
1.16699999999998 0.937359999999999
1.16799999999998 0.937439999999999
1.16899999999998 0.937519999999999
1.16999999999998 0.937599999999999
1.17099999999998 0.937679999999999
1.17199999999998 0.937759999999999
1.17299999999998 0.937839999999999
1.17399999999998 0.937919999999999
1.17499999999998 0.937999999999999
1.17599999999998 0.938079999999999
1.17699999999998 0.938159999999999
1.17799999999998 0.938239999999999
1.17899999999998 0.938319999999998
1.17999999999998 0.938399999999999
1.18099999999998 0.938479999999999
1.18199999999998 0.938559999999999
1.18299999999998 0.938639999999998
1.18399999999998 0.938719999999998
1.18499999999998 0.938799999999999
1.18599999999998 0.938879999999998
1.18699999999998 0.938959999999998
1.18799999999998 0.939039999999998
1.18899999999998 0.939119999999998
1.18999999999998 0.939199999999998
1.19099999999998 0.939279999999998
1.19199999999998 0.939359999999998
1.19299999999998 0.939439999999998
1.19399999999998 0.939519999999998
1.19499999999998 0.939599999999998
1.19599999999998 0.939679999999998
1.19699999999998 0.939759999999998
1.19799999999998 0.939839999999998
1.19899999999998 0.939919999999998
1.19999999999998 0.939999999999998
1.20099999999998 0.940025
1.20199999999998 0.940049999999999
1.20299999999998 0.940075
1.20399999999998 0.940099999999999
1.20499999999998 0.940125
1.20599999999998 0.940149999999999
1.20699999999998 0.940175
1.20799999999998 0.940199999999999
1.20899999999998 0.940225
1.20999999999998 0.940249999999999
1.21099999999998 0.940275
1.21199999999998 0.940299999999999
1.21299999999998 0.940325
1.21399999999998 0.940349999999999
1.21499999999998 0.940375
1.21599999999998 0.940399999999999
1.21699999999998 0.940425
1.21799999999998 0.940449999999999
1.21899999999998 0.940475
1.21999999999998 0.940499999999999
1.22099999999998 0.940525
1.22199999999998 0.940549999999999
1.22299999999998 0.940574999999999
1.22399999999998 0.940599999999999
1.22499999999998 0.940624999999999
1.22599999999998 0.940649999999999
1.22699999999998 0.940674999999999
1.22799999999998 0.940699999999999
1.22899999999998 0.940724999999999
1.22999999999998 0.940749999999999
1.23099999999998 0.940774999999999
1.23199999999998 0.940799999999999
1.23299999999998 0.940824999999999
1.23399999999997 0.940849999999999
1.23499999999997 0.940874999999999
1.23599999999997 0.940899999999999
1.23699999999997 0.940924999999999
1.23799999999997 0.940949999999999
1.23899999999997 0.940974999999999
1.23999999999997 0.940999999999999
1.24099999999997 0.941024999999999
1.24199999999997 0.941049999999999
1.24299999999997 0.941074999999999
1.24399999999997 0.941099999999999
1.24499999999997 0.941124999999999
1.24599999999997 0.941149999999999
1.24699999999997 0.941174999999999
1.24799999999997 0.941199999999999
1.24899999999997 0.941224999999999
1.24999999999997 0.941249999999999
1.25099999999997 0.941274999999999
1.25199999999997 0.941299999999999
1.25299999999997 0.941324999999999
1.25399999999997 0.941349999999999
1.25499999999997 0.941374999999999
1.25599999999997 0.941399999999999
1.25699999999997 0.941424999999999
1.25799999999997 0.941449999999999
1.25899999999997 0.941474999999999
1.25999999999997 0.941499999999999
1.26099999999997 0.941524999999999
1.26199999999997 0.941549999999999
1.26299999999997 0.941574999999999
1.26399999999997 0.941599999999999
1.26499999999997 0.941624999999999
1.26599999999997 0.941649999999999
1.26699999999997 0.941674999999999
1.26799999999997 0.941699999999999
1.26899999999997 0.941724999999999
1.26999999999997 0.941749999999999
1.27099999999997 0.941774999999999
1.27199999999997 0.941799999999999
1.27299999999997 0.941824999999999
1.27399999999997 0.941849999999999
1.27499999999997 0.941874999999999
1.27599999999997 0.941899999999999
1.27699999999997 0.941924999999999
1.27799999999997 0.941949999999999
1.27899999999997 0.941974999999999
1.27999999999997 0.941999999999999
1.28099999999997 0.942024999999999
1.28199999999997 0.942049999999999
1.28299999999997 0.942074999999999
1.28399999999997 0.942099999999999
1.28499999999997 0.942124999999999
1.28599999999997 0.942149999999999
1.28699999999997 0.942174999999999
1.28799999999997 0.942199999999999
1.28899999999997 0.942224999999999
1.28999999999997 0.942249999999999
1.29099999999997 0.942274999999999
1.29199999999997 0.942299999999999
1.29299999999997 0.942324999999999
1.29399999999997 0.942349999999999
1.29499999999997 0.942374999999999
1.29599999999997 0.942399999999999
1.29699999999997 0.942424999999999
1.29799999999997 0.942449999999999
1.29899999999997 0.942474999999999
1.29999999999997 0.942499999999999
1.30099999999997 0.942524999999999
1.30199999999997 0.942549999999999
1.30299999999997 0.942574999999999
1.30399999999997 0.942599999999999
1.30499999999997 0.942624999999999
1.30599999999997 0.942649999999999
1.30699999999997 0.942674999999999
1.30799999999997 0.942699999999999
1.30899999999997 0.942724999999999
1.30999999999997 0.942749999999999
1.31099999999997 0.942774999999999
1.31199999999997 0.942799999999999
1.31299999999997 0.942824999999999
1.31399999999997 0.942849999999999
1.31499999999997 0.942874999999999
1.31599999999997 0.942899999999999
1.31699999999997 0.942924999999999
1.31799999999997 0.942949999999999
1.31899999999997 0.942974999999999
1.31999999999997 0.942999999999999
1.32099999999997 0.943024999999999
1.32199999999997 0.943049999999999
1.32299999999997 0.943074999999999
1.32399999999996 0.943099999999999
1.32499999999996 0.943124999999999
1.32599999999996 0.943149999999999
1.32699999999996 0.943174999999999
1.32799999999996 0.943199999999999
1.32899999999996 0.943224999999999
1.32999999999996 0.943249999999999
1.33099999999996 0.943274999999999
1.33199999999996 0.943299999999999
1.33299999999996 0.943324999999999
1.33399999999996 0.943349999999999
1.33499999999996 0.943374999999999
1.33599999999996 0.943399999999999
1.33699999999996 0.943424999999999
1.33799999999996 0.943449999999999
1.33899999999996 0.943474999999999
1.33999999999996 0.943499999999999
1.34099999999996 0.943524999999999
1.34199999999996 0.943549999999999
1.34299999999996 0.943574999999999
1.34399999999996 0.943599999999999
1.34499999999996 0.943624999999999
1.34599999999996 0.943649999999999
1.34699999999996 0.943674999999999
1.34799999999996 0.943699999999999
1.34899999999996 0.943724999999999
1.34999999999996 0.943749999999999
1.35099999999996 0.943774999999999
1.35199999999996 0.943799999999999
1.35299999999996 0.943824999999999
1.35399999999996 0.943849999999999
1.35499999999996 0.943874999999999
1.35599999999996 0.943899999999999
1.35699999999996 0.943924999999999
1.35799999999996 0.943949999999999
1.35899999999996 0.943974999999999
1.35999999999996 0.943999999999999
1.36099999999996 0.944024999999999
1.36199999999996 0.944049999999999
1.36299999999996 0.944074999999999
1.36399999999996 0.944099999999999
1.36499999999996 0.944124999999999
1.36599999999996 0.944149999999999
1.36699999999996 0.944174999999999
1.36799999999996 0.944199999999999
1.36899999999996 0.944224999999999
1.36999999999996 0.944249999999999
1.37099999999996 0.944274999999999
1.37199999999996 0.944299999999999
1.37299999999996 0.944324999999999
1.37399999999996 0.944349999999999
1.37499999999996 0.944374999999999
1.37599999999996 0.944399999999999
1.37699999999996 0.944424999999999
1.37799999999996 0.944449999999999
1.37899999999996 0.944474999999999
1.37999999999996 0.944499999999999
1.38099999999996 0.944524999999999
1.38199999999996 0.944549999999999
1.38299999999996 0.944574999999999
1.38399999999996 0.944599999999999
1.38499999999996 0.944624999999999
1.38599999999996 0.944649999999999
1.38699999999996 0.944674999999999
1.38799999999996 0.944699999999999
1.38899999999996 0.944724999999999
1.38999999999996 0.944749999999999
1.39099999999996 0.944774999999999
1.39199999999996 0.944799999999999
1.39299999999996 0.944824999999999
1.39399999999996 0.944849999999999
1.39499999999996 0.944874999999999
1.39599999999996 0.944899999999999
1.39699999999996 0.944924999999999
1.39799999999996 0.944949999999999
1.39899999999996 0.944974999999999
1.39999999999996 0.944999999999999
1.40099999999996 0.945024999999999
1.40199999999996 0.945049999999999
1.40299999999996 0.945074999999999
1.40399999999996 0.945099999999999
1.40499999999996 0.945124999999999
1.40599999999996 0.945149999999999
1.40699999999996 0.945174999999999
1.40799999999996 0.945199999999999
1.40899999999996 0.945224999999999
1.40999999999996 0.945249999999999
1.41099999999996 0.945274999999999
1.41199999999996 0.945299999999999
1.41299999999996 0.945324999999999
1.41399999999996 0.945349999999999
1.41499999999995 0.945374999999999
1.41599999999995 0.945399999999999
1.41699999999995 0.945424999999999
1.41799999999995 0.945449999999999
1.41899999999995 0.945474999999999
1.41999999999995 0.945499999999999
1.42099999999995 0.945524999999999
1.42199999999995 0.945549999999999
1.42299999999995 0.945574999999999
1.42399999999995 0.945599999999999
1.42499999999995 0.945624999999999
1.42599999999995 0.945649999999999
1.42699999999995 0.945674999999999
1.42799999999995 0.945699999999999
1.42899999999995 0.945724999999999
1.42999999999995 0.945749999999999
1.43099999999995 0.945774999999999
1.43199999999995 0.945799999999999
1.43299999999995 0.945824999999999
1.43399999999995 0.945849999999999
1.43499999999995 0.945874999999999
1.43599999999995 0.945899999999999
1.43699999999995 0.945924999999999
1.43799999999995 0.945949999999999
1.43899999999995 0.945974999999999
1.43999999999995 0.945999999999999
1.44099999999995 0.946024999999999
1.44199999999995 0.946049999999999
1.44299999999995 0.946074999999999
1.44399999999995 0.946099999999999
1.44499999999995 0.946124999999999
1.44599999999995 0.946149999999999
1.44699999999995 0.946174999999999
1.44799999999995 0.946199999999999
1.44899999999995 0.946224999999999
1.44999999999995 0.946249999999999
1.45099999999995 0.946274999999999
1.45199999999995 0.946299999999999
1.45299999999995 0.946324999999999
1.45399999999995 0.946349999999999
1.45499999999995 0.946374999999999
1.45599999999995 0.946399999999999
1.45699999999995 0.946424999999999
1.45799999999995 0.946449999999999
1.45899999999995 0.946474999999999
1.45999999999995 0.946499999999999
1.46099999999995 0.946524999999999
1.46199999999995 0.946549999999999
1.46299999999995 0.946574999999999
1.46399999999995 0.946599999999999
1.46499999999995 0.946624999999999
1.46599999999995 0.946649999999999
1.46699999999995 0.946674999999999
1.46799999999995 0.946699999999999
1.46899999999995 0.946724999999999
1.46999999999995 0.946749999999999
1.47099999999995 0.946774999999999
1.47199999999995 0.946799999999999
1.47299999999995 0.946824999999999
1.47399999999995 0.946849999999999
1.47499999999995 0.946874999999999
1.47599999999995 0.946899999999999
1.47699999999995 0.946924999999999
1.47799999999995 0.946949999999999
1.47899999999995 0.946974999999999
1.47999999999995 0.946999999999999
1.48099999999995 0.947024999999999
1.48199999999995 0.947049999999999
1.48299999999995 0.947074999999999
1.48399999999995 0.947099999999999
1.48499999999995 0.947124999999999
1.48599999999995 0.947149999999999
1.48699999999995 0.947174999999999
1.48799999999995 0.947199999999999
1.48899999999995 0.947224999999999
1.48999999999995 0.947249999999999
1.49099999999995 0.947274999999999
1.49199999999995 0.947299999999999
1.49299999999995 0.947324999999999
1.49399999999995 0.947349999999999
1.49499999999995 0.947374999999999
1.49599999999995 0.947399999999999
1.49699999999995 0.947424999999999
1.49799999999995 0.947449999999999
1.49899999999995 0.947474999999999
1.49999999999995 0.947499999999999
1.50099999999995 0.947524999999999
1.50199999999995 0.947549999999999
1.50299999999995 0.947574999999999
1.50399999999995 0.947599999999999
1.50499999999995 0.947624999999999
1.50599999999994 0.947649999999999
1.50699999999994 0.947674999999999
1.50799999999994 0.947699999999999
1.50899999999994 0.947724999999999
1.50999999999994 0.947749999999999
1.51099999999994 0.947774999999999
1.51199999999994 0.947799999999999
1.51299999999994 0.947824999999999
1.51399999999994 0.947849999999999
1.51499999999994 0.947874999999999
1.51599999999994 0.947899999999999
1.51699999999994 0.947924999999999
1.51799999999994 0.947949999999999
1.51899999999994 0.947974999999999
1.51999999999994 0.947999999999999
1.52099999999994 0.948024999999999
1.52199999999994 0.948049999999999
1.52299999999994 0.948074999999999
1.52399999999994 0.948099999999999
1.52499999999994 0.948124999999999
1.52599999999994 0.948149999999999
1.52699999999994 0.948174999999999
1.52799999999994 0.948199999999999
1.52899999999994 0.948224999999999
1.52999999999994 0.948249999999999
1.53099999999994 0.948274999999999
1.53199999999994 0.948299999999999
1.53299999999994 0.948324999999999
1.53399999999994 0.948349999999999
1.53499999999994 0.948374999999999
1.53599999999994 0.948399999999999
1.53699999999994 0.948424999999999
1.53799999999994 0.948449999999999
1.53899999999994 0.948474999999999
1.53999999999994 0.948499999999999
1.54099999999994 0.948524999999999
1.54199999999994 0.948549999999999
1.54299999999994 0.948574999999999
1.54399999999994 0.948599999999999
1.54499999999994 0.948624999999999
1.54599999999994 0.948649999999999
1.54699999999994 0.948674999999999
1.54799999999994 0.948699999999999
1.54899999999994 0.948724999999999
1.54999999999994 0.948749999999999
1.55099999999994 0.948774999999999
1.55199999999994 0.948799999999999
1.55299999999994 0.948824999999999
1.55399999999994 0.948849999999999
1.55499999999994 0.948874999999999
1.55599999999994 0.948899999999999
1.55699999999994 0.948924999999999
1.55799999999994 0.948949999999999
1.55899999999994 0.948974999999999
1.55999999999994 0.948999999999999
1.56099999999994 0.949024999999999
1.56199999999994 0.949049999999999
1.56299999999994 0.949074999999999
1.56399999999994 0.949099999999999
1.56499999999994 0.949124999999999
1.56599999999994 0.949149999999998
1.56699999999994 0.949174999999999
1.56799999999994 0.949199999999998
1.56899999999994 0.949224999999999
1.56999999999994 0.949249999999998
1.57099999999994 0.949274999999999
1.57199999999994 0.949299999999998
1.57299999999994 0.949324999999999
1.57399999999994 0.949349999999998
1.57499999999994 0.949374999999999
1.57599999999994 0.949399999999998
1.57699999999994 0.949424999999999
1.57799999999994 0.949449999999998
1.57899999999994 0.949474999999999
1.57999999999994 0.949499999999998
1.58099999999994 0.949524999999999
1.58199999999994 0.949549999999998
1.58299999999994 0.949574999999999
1.58399999999994 0.949599999999998
1.58499999999994 0.949624999999998
1.58599999999994 0.949649999999998
1.58699999999994 0.949674999999998
1.58799999999994 0.949699999999998
1.58899999999994 0.949724999999998
1.58999999999994 0.949749999999998
1.59099999999994 0.949774999999998
1.59199999999994 0.949799999999998
1.59299999999994 0.949824999999998
1.59399999999994 0.949849999999998
1.59499999999994 0.949874999999998
1.59599999999994 0.949899999999998
1.59699999999993 0.949924999999998
1.59799999999993 0.949949999999998
1.59899999999993 0.949974999999998
1.59999999999993 0.949999999999998
1.60099999999993 0.950012499999999
1.60199999999993 0.950024999999999
1.60299999999993 0.950037499999999
1.60399999999993 0.950049999999999
1.60499999999993 0.950062499999999
1.60599999999993 0.950074999999999
1.60699999999993 0.950087499999999
1.60799999999993 0.950099999999999
1.60899999999993 0.950112499999999
1.60999999999993 0.950124999999999
1.61099999999993 0.950137499999999
1.61199999999993 0.950149999999999
1.61299999999993 0.950162499999999
1.61399999999993 0.950174999999999
1.61499999999993 0.950187499999999
1.61599999999993 0.950199999999999
1.61699999999993 0.950212499999999
1.61799999999993 0.950224999999999
1.61899999999993 0.950237499999999
1.61999999999993 0.950249999999999
1.62099999999993 0.950262499999999
1.62199999999993 0.950274999999999
1.62299999999993 0.950287499999999
1.62399999999993 0.950299999999999
1.62499999999993 0.950312499999999
1.62599999999993 0.950324999999999
1.62699999999993 0.950337499999999
1.62799999999993 0.950349999999999
1.62899999999993 0.950362499999999
1.62999999999993 0.950374999999999
1.63099999999993 0.950387499999999
1.63199999999993 0.950399999999999
1.63299999999993 0.950412499999999
1.63399999999993 0.950424999999999
1.63499999999993 0.950437499999999
1.63599999999993 0.950449999999999
1.63699999999993 0.950462499999999
1.63799999999993 0.950474999999999
1.63899999999993 0.950487499999999
1.63999999999993 0.950499999999999
1.64099999999993 0.950512499999999
1.64199999999993 0.950524999999999
1.64299999999993 0.950537499999999
1.64399999999993 0.950549999999999
1.64499999999993 0.950562499999999
1.64599999999993 0.950574999999999
1.64699999999993 0.950587499999999
1.64799999999993 0.950599999999999
1.64899999999993 0.950612499999999
1.64999999999993 0.950624999999999
1.65099999999993 0.950637499999999
1.65199999999993 0.950649999999999
1.65299999999993 0.950662499999999
1.65399999999993 0.950674999999999
1.65499999999993 0.950687499999999
1.65599999999993 0.950699999999999
1.65699999999993 0.950712499999999
1.65799999999993 0.950724999999999
1.65899999999993 0.950737499999999
1.65999999999993 0.950749999999999
1.66099999999993 0.950762499999999
1.66199999999993 0.950774999999999
1.66299999999993 0.950787499999999
1.66399999999993 0.950799999999999
1.66499999999993 0.950812499999999
1.66599999999993 0.950824999999999
1.66699999999993 0.950837499999999
1.66799999999993 0.950849999999999
1.66899999999993 0.950862499999999
1.66999999999993 0.950874999999999
1.67099999999993 0.950887499999999
1.67199999999993 0.950899999999999
1.67299999999993 0.950912499999999
1.67399999999993 0.950924999999999
1.67499999999993 0.950937499999999
1.67599999999993 0.950949999999999
1.67699999999993 0.950962499999999
1.67799999999993 0.950974999999999
1.67899999999993 0.950987499999999
1.67999999999993 0.950999999999999
1.68099999999993 0.951012499999999
1.68199999999993 0.951024999999999
1.68299999999993 0.951037499999999
1.68399999999993 0.951049999999999
1.68499999999993 0.951062499999999
1.68599999999993 0.951074999999999
1.68699999999993 0.951087499999999
1.68799999999992 0.951099999999999
1.68899999999992 0.951112499999999
1.68999999999992 0.951124999999999
1.69099999999992 0.951137499999999
1.69199999999992 0.951149999999999
1.69299999999992 0.951162499999999
1.69399999999992 0.951174999999999
1.69499999999992 0.951187499999999
1.69599999999992 0.951199999999999
1.69699999999992 0.951212499999999
1.69799999999992 0.951224999999999
1.69899999999992 0.951237499999999
1.69999999999992 0.951249999999999
1.70099999999992 0.951262499999999
1.70199999999992 0.951274999999999
1.70299999999992 0.951287499999999
1.70399999999992 0.951299999999999
1.70499999999992 0.951312499999999
1.70599999999992 0.951324999999999
1.70699999999992 0.951337499999999
1.70799999999992 0.951349999999999
1.70899999999992 0.951362499999999
1.70999999999992 0.951374999999999
1.71099999999992 0.951387499999999
1.71199999999992 0.951399999999999
1.71299999999992 0.951412499999999
1.71399999999992 0.951424999999999
1.71499999999992 0.951437499999999
1.71599999999992 0.951449999999999
1.71699999999992 0.951462499999999
1.71799999999992 0.951474999999999
1.71899999999992 0.951487499999999
1.71999999999992 0.951499999999999
1.72099999999992 0.951512499999999
1.72199999999992 0.951524999999999
1.72299999999992 0.951537499999999
1.72399999999992 0.951549999999999
1.72499999999992 0.951562499999999
1.72599999999992 0.951574999999999
1.72699999999992 0.951587499999999
1.72799999999992 0.951599999999999
1.72899999999992 0.951612499999999
1.72999999999992 0.951624999999999
1.73099999999992 0.951637499999999
1.73199999999992 0.951649999999999
1.73299999999992 0.951662499999999
1.73399999999992 0.951674999999999
1.73499999999992 0.951687499999999
1.73599999999992 0.951699999999999
1.73699999999992 0.951712499999999
1.73799999999992 0.951724999999999
1.73899999999992 0.951737499999999
1.73999999999992 0.951749999999999
1.74099999999992 0.951762499999999
1.74199999999992 0.951774999999999
1.74299999999992 0.951787499999999
1.74399999999992 0.951799999999999
1.74499999999992 0.951812499999999
1.74599999999992 0.951824999999999
1.74699999999992 0.951837499999999
1.74799999999992 0.951849999999999
1.74899999999992 0.951862499999999
1.74999999999992 0.951874999999999
1.75099999999992 0.951887499999999
1.75199999999992 0.951899999999999
1.75299999999992 0.951912499999999
1.75399999999992 0.951924999999999
1.75499999999992 0.951937499999999
1.75599999999992 0.951949999999999
1.75699999999992 0.951962499999999
1.75799999999992 0.951974999999999
1.75899999999992 0.951987499999999
1.75999999999992 0.951999999999999
1.76099999999992 0.952012499999999
1.76199999999992 0.952024999999999
1.76299999999992 0.952037499999999
1.76399999999992 0.952049999999999
1.76499999999992 0.952062499999999
1.76599999999992 0.952074999999999
1.76699999999992 0.952087499999999
1.76799999999992 0.952099999999999
1.76899999999992 0.952112499999999
1.76999999999992 0.952124999999999
1.77099999999992 0.952137499999999
1.77199999999992 0.952149999999999
1.77299999999992 0.952162499999999
1.77399999999992 0.952174999999999
1.77499999999992 0.952187499999999
1.77599999999992 0.952199999999999
1.77699999999992 0.952212499999999
1.77799999999991 0.952224999999999
1.77899999999991 0.952237499999999
1.77999999999991 0.952249999999999
1.78099999999991 0.952262499999999
1.78199999999991 0.952274999999999
1.78299999999991 0.952287499999999
1.78399999999991 0.952299999999999
1.78499999999991 0.952312499999999
1.78599999999991 0.952324999999999
1.78699999999991 0.952337499999999
1.78799999999991 0.952349999999999
1.78899999999991 0.952362499999999
1.78999999999991 0.952374999999999
1.79099999999991 0.952387499999999
1.79199999999991 0.952399999999999
1.79299999999991 0.952412499999999
1.79399999999991 0.952424999999999
1.79499999999991 0.952437499999999
1.79599999999991 0.952449999999999
1.79699999999991 0.952462499999999
1.79799999999991 0.952474999999999
1.79899999999991 0.952487499999999
1.79999999999991 0.952499999999999
1.80099999999991 0.952512499999999
1.80199999999991 0.952524999999999
1.80299999999991 0.952537499999999
1.80399999999991 0.952549999999999
1.80499999999991 0.952562499999999
1.80599999999991 0.952574999999999
1.80699999999991 0.952587499999999
1.80799999999991 0.952599999999999
1.80899999999991 0.952612499999999
1.80999999999991 0.952624999999999
1.81099999999991 0.952637499999999
1.81199999999991 0.952649999999999
1.81299999999991 0.952662499999999
1.81399999999991 0.952674999999999
1.81499999999991 0.952687499999999
1.81599999999991 0.952699999999999
1.81699999999991 0.952712499999999
1.81799999999991 0.952724999999999
1.81899999999991 0.952737499999999
1.81999999999991 0.952749999999999
1.82099999999991 0.952762499999999
1.82199999999991 0.952774999999999
1.82299999999991 0.952787499999999
1.82399999999991 0.952799999999999
1.82499999999991 0.952812499999999
1.82599999999991 0.952824999999999
1.82699999999991 0.952837499999999
1.82799999999991 0.952849999999999
1.82899999999991 0.952862499999999
1.82999999999991 0.952874999999999
1.83099999999991 0.952887499999999
1.83199999999991 0.952899999999999
1.83299999999991 0.952912499999999
1.83399999999991 0.952924999999999
1.83499999999991 0.952937499999999
1.83599999999991 0.952949999999999
1.83699999999991 0.952962499999999
1.83799999999991 0.952974999999999
1.83899999999991 0.952987499999999
1.83999999999991 0.952999999999999
1.84099999999991 0.953012499999999
1.84199999999991 0.953024999999999
1.84299999999991 0.953037499999999
1.84399999999991 0.953049999999999
1.84499999999991 0.953062499999999
1.84599999999991 0.953074999999999
1.84699999999991 0.953087499999999
1.84799999999991 0.953099999999999
1.84899999999991 0.953112499999999
1.84999999999991 0.953124999999999
1.85099999999991 0.953137499999999
1.85199999999991 0.953149999999999
1.85299999999991 0.953162499999999
1.85399999999991 0.953174999999999
1.85499999999991 0.953187499999999
1.85599999999991 0.953199999999999
1.85699999999991 0.953212499999999
1.85799999999991 0.953224999999999
1.85899999999991 0.953237499999999
1.85999999999991 0.953249999999999
1.86099999999991 0.953262499999999
1.86199999999991 0.953274999999999
1.86299999999991 0.953287499999999
1.86399999999991 0.953299999999999
1.86499999999991 0.953312499999999
1.86599999999991 0.953324999999999
1.86699999999991 0.953337499999999
1.86799999999991 0.953349999999999
1.8689999999999 0.953362499999999
1.8699999999999 0.953374999999999
1.8709999999999 0.953387499999999
1.8719999999999 0.953399999999999
1.8729999999999 0.953412499999999
1.8739999999999 0.953424999999999
1.8749999999999 0.953437499999999
1.8759999999999 0.953449999999999
1.8769999999999 0.953462499999999
1.8779999999999 0.953474999999999
1.8789999999999 0.953487499999999
1.8799999999999 0.953499999999999
1.8809999999999 0.953512499999999
1.8819999999999 0.953524999999999
1.8829999999999 0.953537499999999
1.8839999999999 0.953549999999999
1.8849999999999 0.953562499999999
1.8859999999999 0.953574999999999
1.8869999999999 0.953587499999999
1.8879999999999 0.953599999999999
1.8889999999999 0.953612499999999
1.8899999999999 0.953624999999999
1.8909999999999 0.953637499999999
1.8919999999999 0.953649999999999
1.8929999999999 0.953662499999999
1.8939999999999 0.953674999999999
1.8949999999999 0.953687499999999
1.8959999999999 0.953699999999999
1.8969999999999 0.953712499999999
1.8979999999999 0.953724999999999
1.8989999999999 0.953737499999999
1.8999999999999 0.953749999999999
1.9009999999999 0.953762499999999
1.9019999999999 0.953774999999999
1.9029999999999 0.953787499999999
1.9039999999999 0.953799999999999
1.9049999999999 0.953812499999999
1.9059999999999 0.953824999999999
1.9069999999999 0.953837499999999
1.9079999999999 0.953849999999999
1.9089999999999 0.953862499999999
1.9099999999999 0.953874999999999
1.9109999999999 0.953887499999999
1.9119999999999 0.953899999999999
1.9129999999999 0.953912499999999
1.9139999999999 0.953924999999999
1.9149999999999 0.953937499999999
1.9159999999999 0.953949999999999
1.9169999999999 0.953962499999999
1.9179999999999 0.953974999999999
1.9189999999999 0.953987499999999
1.9199999999999 0.953999999999999
1.9209999999999 0.954012499999999
1.9219999999999 0.954024999999999
1.9229999999999 0.954037499999999
1.9239999999999 0.954049999999999
1.9249999999999 0.954062499999999
1.9259999999999 0.954074999999999
1.9269999999999 0.954087499999999
1.9279999999999 0.954099999999999
1.9289999999999 0.954112499999999
1.9299999999999 0.954124999999999
1.9309999999999 0.954137499999999
1.9319999999999 0.954149999999999
1.9329999999999 0.954162499999999
1.9339999999999 0.954174999999999
1.9349999999999 0.954187499999999
1.9359999999999 0.954199999999999
1.9369999999999 0.954212499999999
1.9379999999999 0.954224999999999
1.9389999999999 0.954237499999999
1.9399999999999 0.954249999999999
1.9409999999999 0.954262499999999
1.9419999999999 0.954274999999999
1.9429999999999 0.954287499999999
1.9439999999999 0.954299999999999
1.9449999999999 0.954312499999999
1.9459999999999 0.954324999999999
1.9469999999999 0.954337499999999
1.9479999999999 0.954349999999999
1.9489999999999 0.954362499999999
1.9499999999999 0.954374999999999
1.9509999999999 0.954387499999999
1.9519999999999 0.954399999999999
1.9529999999999 0.954412499999999
1.9539999999999 0.954424999999999
1.9549999999999 0.954437499999999
1.9559999999999 0.954449999999999
1.9569999999999 0.954462499999999
1.9579999999999 0.954474999999999
1.9589999999999 0.954487499999999
1.95999999999989 0.954499999999999
1.96099999999989 0.954512499999999
1.96199999999989 0.954524999999999
1.96299999999989 0.954537499999999
1.96399999999989 0.954549999999999
1.96499999999989 0.954562499999999
1.96599999999989 0.954574999999999
1.96699999999989 0.954587499999999
1.96799999999989 0.954599999999999
1.96899999999989 0.954612499999999
1.96999999999989 0.954624999999999
1.97099999999989 0.954637499999999
1.97199999999989 0.954649999999999
1.97299999999989 0.954662499999999
1.97399999999989 0.954674999999999
1.97499999999989 0.954687499999999
1.97599999999989 0.954699999999999
1.97699999999989 0.954712499999999
1.97799999999989 0.954724999999999
1.97899999999989 0.954737499999999
1.97999999999989 0.954749999999999
1.98099999999989 0.954762499999999
1.98199999999989 0.954774999999999
1.98299999999989 0.954787499999999
1.98399999999989 0.954799999999999
1.98499999999989 0.954812499999999
1.98599999999989 0.954824999999999
1.98699999999989 0.954837499999999
1.98799999999989 0.954849999999999
1.98899999999989 0.954862499999999
1.98999999999989 0.954874999999999
1.99099999999989 0.954887499999999
1.99199999999989 0.954899999999999
1.99299999999989 0.954912499999999
1.99399999999989 0.954924999999999
1.99499999999989 0.954937499999999
1.99599999999989 0.954949999999999
1.99699999999989 0.954962499999999
1.99799999999989 0.954974999999999
1.99899999999989 0.954987499999999
1.99999999999989 0.954999999999999
