0.36 0.9
0.361 0.9
0.362 0.9
0.363 0.9
0.364 0.9
0.365 0.9
0.366 0.9
0.367 0.9
0.368 0.9
0.369 0.9
0.37 0.9
0.371 0.9
0.372 0.9
0.373 0.9
0.374 0.9
0.375 0.9
0.376 0.9
0.377 0.9
0.378 0.9
0.379 0.9
0.38 0.9
0.381 0.9
0.382 0.9
0.383 0.9
0.384 0.9
0.385 0.9
0.386 0.9
0.387 0.9
0.388 0.9
0.389 0.9
0.39 0.9
0.391 0.9
0.392 0.9
0.393 0.9
0.394 0.9
0.395 0.9
0.396 0.9
0.397 0.9
0.398 0.9
0.399 0.9
0.4 0.9
0.401 0.9
0.402 0.9
0.403 0.9
0.404 0.9
0.405 0.9
0.406 0.9
0.407 0.9
0.408 0.9
0.409 0.9
0.41 0.9
0.411 0.9
0.412 0.9
0.413 0.9
0.414 0.9
0.415 0.9
0.416 0.9
0.417 0.9
0.418 0.9
0.419 0.9
0.42 0.9
0.421 0.9
0.422 0.9
0.423 0.9
0.424 0.9
0.425 0.9
0.426 0.9
0.427 0.9
0.428 0.9
0.429 0.9
0.43 0.9
0.431 0.9
0.432 0.9
0.433 0.9
0.434 0.9
0.435 0.9
0.436 0.9
0.437 0.9
0.438 0.9
0.439 0.9
0.44 0.9
0.441 0.9
0.442 0.9
0.443 0.9
0.444 0.9
0.445 0.9
0.446 0.9
0.447 0.9
0.448 0.9
0.449 0.9
0.45 0.9
0.451 0.9
0.452 0.9
0.453 0.9
0.454 0.9
0.455 0.9
0.456 0.9
0.457 0.9
0.458 0.9
0.459 0.9
0.46 0.9
0.461 0.9
0.462 0.9
0.463 0.9
0.464 0.9
0.465 0.9
0.466 0.9
0.467 0.9
0.468 0.9
0.469 0.9
0.47 0.9
0.471 0.9
0.472 0.9
0.473 0.9
0.474 0.9
0.475 0.9
0.476 0.9
0.477 0.9
0.478 0.9
0.479 0.9
0.48 0.9
0.481 0.9
0.482 0.9
0.483 0.9
0.484 0.9
0.485 0.9
0.486 0.9
0.487 0.9
0.488 0.9
0.489 0.9
0.49 0.9
0.491 0.9
0.492 0.9
0.493 0.9
0.494 0.9
0.495 0.9
0.496 0.9
0.497 0.9
0.498 0.9
0.499 0.9
0.5 0.9
0.501 0.9
0.502 0.9
0.503 0.9
0.504 0.9
0.505 0.9
0.506 0.9
0.507 0.9
0.508 0.9
0.509 0.9
0.51 0.9
0.511 0.9
0.512 0.9
0.513 0.9
0.514 0.9
0.515 0.9
0.516 0.9
0.517 0.9
0.518 0.9
0.519 0.9
0.52 0.9
0.521 0.9
0.522 0.9
0.523 0.9
0.524 0.9
0.525 0.9
0.526 0.9
0.527 0.9
0.528 0.9
0.529 0.9
0.53 0.9
0.531 0.9
0.532 0.9
0.533 0.9
0.534 0.9
0.535 0.9
0.536 0.9
0.537 0.9
0.538 0.9
0.539 0.9
0.54 0.9
0.541 0.9
0.542 0.9
0.543 0.9
0.544 0.9
0.545 0.9
0.546 0.9
0.547 0.9
0.548 0.9
0.549 0.9
0.55 0.9
0.551 0.9
0.552 0.9
0.553 0.9
0.554 0.9
0.555 0.9
0.556 0.9
0.557 0.9
0.558 0.9
0.559 0.9
0.56 0.9
0.561 0.9
0.562 0.9
0.563 0.9
0.564 0.9
0.565 0.9
0.566 0.9
0.567 0.9
0.568 0.9
0.569 0.9
0.57 0.9
0.571 0.9
0.572 0.9
0.573 0.9
0.574 0.9
0.575 0.9
0.576 0.9
0.577 0.9
0.578 0.9
0.579 0.9
0.58 0.9
0.581 0.9
0.582 0.9
0.583 0.9
0.584 0.9
0.585 0.9
0.586 0.9
0.587 0.9
0.588 0.9
0.589 0.9
0.59 0.9
0.591 0.9
0.592 0.9
0.593 0.9
0.594 0.9
0.595 0.9
0.596 0.9
0.597 0.9
0.598 0.9
0.599 0.9
0.6 0.9
0.601 0.9
0.602 0.9
0.603 0.9
0.604 0.9
0.605 0.9
0.606 0.9
0.607 0.9
0.608 0.9
0.609 0.9
0.61 0.9
0.611 0.9
0.612 0.9
0.613 0.9
0.614 0.9
0.615 0.9
0.616 0.9
0.617 0.9
0.618 0.9
0.619 0.9
0.62 0.9
0.621 0.9
0.622 0.9
0.623 0.9
0.624 0.9
0.625 0.9
0.626 0.9
0.627 0.9
0.628 0.9
0.629 0.9
0.63 0.9
0.631 0.9
0.632 0.9
0.633 0.9
0.634 0.9
0.635 0.9
0.636 0.9
0.637 0.9
0.638 0.9
0.639 0.9
0.64 0.9
0.641 0.9
0.642 0.9
0.643 0.9
0.644 0.9
0.645 0.9
0.646 0.9
0.647 0.9
0.648 0.9
0.649 0.9
0.65 0.9
0.651 0.9
0.652 0.9
0.653 0.9
0.654 0.9
0.655 0.9
0.656 0.9
0.657 0.9
0.658 0.9
0.659 0.9
0.66 0.9
0.661 0.9
0.662 0.9
0.663 0.9
0.664 0.9
0.665 0.9
0.666 0.9
0.667 0.9
0.668 0.9
0.669 0.9
0.67 0.9
0.671 0.9
0.672 0.9
0.673 0.9
0.674 0.9
0.675 0.9
0.676 0.9
0.677 0.9
0.678 0.9
0.679 0.9
0.68 0.9
0.681 0.9
0.682 0.9
0.683 0.9
0.684 0.9
0.685 0.9
0.686 0.9
0.687 0.9
0.688 0.9
0.689 0.9
0.69 0.9
0.691 0.9
0.692 0.9
0.693 0.9
0.694 0.9
0.695 0.9
0.696 0.9
0.697 0.9
0.698 0.9
0.699 0.9
0.7 0.9
0.701 0.9
0.702 0.9
0.703 0.9
0.704 0.9
0.705 0.9
0.706 0.9
0.707 0.9
0.708 0.9
0.709 0.9
0.71 0.9
0.711 0.9
0.712 0.9
0.713 0.9
0.714 0.9
0.715 0.9
0.716 0.9
0.717 0.9
0.718 0.9
0.719 0.9
0.72 0.9
0.721 0.9
0.722 0.9
0.723 0.9
0.724 0.9
0.725 0.9
0.726 0.9
0.727 0.9
0.728 0.9
0.729 0.9
0.73 0.9
0.731 0.9
0.732 0.9
0.733 0.9
0.734 0.9
0.735 0.9
0.736 0.9
0.737 0.9
0.738 0.9
0.739 0.9
0.74 0.9
0.741 0.9
0.742 0.9
0.743 0.9
0.744 0.9
0.745 0.9
0.746 0.9
0.747 0.9
0.748 0.9
0.749 0.9
0.75 0.9
0.751 0.9
0.752 0.9
0.753 0.9
0.754 0.9
0.755 0.9
0.756 0.9
0.757 0.9
0.758 0.9
0.759 0.9
0.76 0.9
0.761 0.9
0.762 0.9
0.763 0.9
0.764 0.9
0.765 0.9
0.766 0.9
0.767 0.9
0.768 0.9
0.769 0.9
0.77 0.9
0.771 0.9
0.772 0.9
0.773 0.9
0.774 0.9
0.775 0.9
0.776 0.9
0.777 0.9
0.778 0.9
0.779 0.9
0.78 0.9
0.781 0.9
0.782 0.9
0.783 0.9
0.784 0.9
0.785 0.9
0.786 0.9
0.787 0.9
0.788 0.9
0.789 0.9
0.79 0.9
0.791 0.9
0.792 0.9
0.793 0.9
0.794 0.9
0.795 0.9
0.796 0.9
0.797 0.9
0.798 0.9
0.799 0.9
0.8 0.9
0.801 0.9
0.802 0.9
0.803 0.9
0.804 0.9
0.805 0.8
0.806 0.8
0.807 0.8
0.808 0.8
0.809 0.8
0.81 0.8
0.811 0.8
0.812 0.8
0.813000000000001 0.8
0.814000000000001 0.8
0.815000000000001 0.799999999999973
0.816000000000001 0.739999999999973
0.817000000000001 0.679999999999973
0.818000000000001 0.619999999999973
0.819000000000001 0.559999999999973
0.820000000000001 0.499999999999973
0.821000000000001 0.439999999999973
0.822000000000001 0.379999999999973
0.823000000000001 0.319999999999973
0.824000000000001 0.259999999999973
0.825000000000001 0.2
0.826000000000001 0.2
0.827000000000001 0.2
0.828000000000001 0.2
0.829000000000001 0.2
0.830000000000001 0.2
0.831000000000001 0.2
0.832000000000001 0.2
0.833000000000001 0.2
0.834000000000001 0.2
0.835000000000001 0.1
0.836000000000001 0.1
0.837000000000001 0.1
0.838000000000001 0.1
0.839000000000001 0.1
0.840000000000001 0.1
0.841000000000001 0.1
0.842000000000001 0.1
0.843000000000001 0.1
0.844000000000001 0.1
0.845000000000001 0.1
0.846000000000001 0.1
0.847000000000001 0.1
0.848000000000001 0.1
0.849000000000001 0.1
0.850000000000001 0.1
0.851000000000001 0.1
0.852000000000001 0.1
0.853000000000001 0.1
0.854000000000001 0.1
0.855000000000001 0.1
0.856000000000001 0.1
0.857000000000001 0.1
0.858000000000001 0.1
0.859000000000001 0.1
0.860000000000001 0.1
0.861000000000001 0.1
0.862000000000001 0.1
0.863000000000001 0.1
0.864000000000001 0.1
0.865000000000001 0.1
0.866000000000001 0.1
0.867000000000001 0.1
0.868000000000001 0.1
0.869000000000001 0.1
0.870000000000001 0.1
0.871000000000001 0.1
0.872000000000001 0.1
0.873000000000001 0.1
0.874000000000001 0.1
0.875000000000001 0.1
0.876000000000001 0.1
0.877000000000001 0.1
0.878000000000001 0.1
0.879000000000001 0.1
0.880000000000001 0.1
0.881000000000001 0.1
0.882000000000001 0.1
0.883000000000001 0.1
0.884000000000001 0.1
0.885000000000001 0.1
0.886000000000001 0.1
0.887000000000001 0.1
0.888000000000001 0.1
0.889000000000001 0.1
0.890000000000001 0.1
0.891000000000001 0.1
0.892000000000001 0.1
0.893000000000001 0.1
0.894000000000001 0.1
0.895000000000001 0.1
0.896000000000001 0.1
0.897000000000001 0.1
0.898000000000001 0.1
0.899000000000001 0.1
0.900000000000001 0.1
0.901000000000001 0.1
0.902000000000001 0.1
0.903000000000001 0.1
0.904000000000001 0.1
0.905000000000001 0.1
0.906000000000001 0.1
0.907000000000001 0.1
0.908000000000001 0.1
0.909000000000001 0.1
0.910000000000001 0.1
0.911000000000001 0.1
0.912000000000001 0.1
0.913000000000001 0.1
0.914000000000001 0.1
0.915000000000001 0.1
0.916000000000001 0.1
0.917000000000001 0.1
0.918000000000001 0.1
0.919000000000001 0.1
0.920000000000001 0.1
0.921000000000001 0.1
0.922000000000001 0.1
0.923000000000001 0.1
0.924000000000001 0.1
0.925000000000001 0.1
0.926000000000001 0.1
0.927000000000001 0.1
0.928000000000001 0.1
0.929000000000001 0.1
0.930000000000001 0.1
0.931000000000001 0.1
0.932000000000001 0.1
0.933000000000001 0.1
0.934000000000001 0.1
0.935000000000001 0.1
0.936000000000001 0.1
0.937000000000001 0.1
0.938000000000001 0.1
0.939000000000001 0.1
0.940000000000001 0.1
0.941000000000001 0.1
0.942000000000001 0.1
0.943000000000001 0.1
0.944000000000001 0.1
0.945000000000001 0.1
0.946000000000001 0.1
0.947000000000001 0.1
0.948000000000001 0.1
0.949000000000001 0.1
0.950000000000001 0.1
0.951000000000001 0.1
0.952000000000001 0.1
0.953000000000001 0.1
0.954000000000001 0.1
0.955000000000001 0.1
0.956000000000001 0.1
0.957000000000001 0.1
0.958000000000001 0.1
0.959000000000001 0.1
0.960000000000001 0.1
0.961000000000001 0.1
0.962000000000001 0.1
0.963000000000001 0.1
0.964000000000001 0.1
0.965000000000001 0.1
0.966000000000001 0.1
0.967000000000001 0.1
0.968000000000001 0.1
0.969000000000001 0.1
0.970000000000001 0.1
0.971000000000001 0.1
0.972000000000001 0.1
0.973000000000001 0.1
0.974000000000001 0.1
0.975000000000001 0.1
0.976000000000001 0.1
0.977000000000001 0.1
0.978000000000001 0.1
0.979000000000001 0.1
0.980000000000001 0.1
0.981000000000001 0.1
0.982000000000001 0.1
0.983000000000001 0.1
0.984000000000001 0.1
0.985000000000001 0.1
0.986000000000001 0.1
0.987000000000001 0.1
0.988000000000001 0.1
0.989000000000001 0.1
0.990000000000001 0.1
0.991000000000001 0.1
0.992000000000001 0.1
0.993000000000001 0.1
0.994000000000001 0.1
0.995000000000001 0.1
0.996000000000001 0.1
0.997000000000001 0.1
0.998000000000001 0.1
0.999000000000001 0.1
1.0 0.1
1.001 0.1
1.002 0.1
1.003 0.1
1.004 0.1
1.005 0.1
1.006 0.1
1.007 0.1
1.008 0.1
1.009 0.1
1.01 0.1
1.011 0.1
1.012 0.1
1.013 0.1
1.014 0.1
1.015 0.1
1.016 0.1
1.017 0.1
1.018 0.1
1.019 0.1
1.02 0.1
1.021 0.1
1.022 0.1
1.023 0.1
1.024 0.1
1.025 0.1
1.026 0.1
1.027 0.1
1.028 0.1
1.029 0.1
1.03 0.1
1.031 0.1
1.032 0.1
1.033 0.1
1.034 0.1
1.035 0.1
1.036 0.1
1.037 0.1
1.038 0.1
1.039 0.1
1.04 0.1
1.041 0.1
1.042 0.1
1.043 0.1
1.044 0.1
1.045 0.1
1.046 0.1
1.047 0.1
1.048 0.1
1.049 0.1
1.05 0.1
1.051 0.1
1.05199999999999 0.1
1.05299999999999 0.1
1.05399999999999 0.1
1.05499999999999 0.1
1.05599999999999 0.1
1.05699999999999 0.1
1.05799999999999 0.1
1.05899999999999 0.1
1.05999999999999 0.1
