0.36 0.1
0.361 0.1
0.362 0.1
0.363 0.1
0.364 0.1
0.365 0.1
0.366 0.1
0.367 0.1
0.368 0.1
0.369 0.1
0.37 0.1
0.371 0.1
0.372 0.1
0.373 0.1
0.374 0.1
0.375 0.1
0.376 0.1
0.377 0.1
0.378 0.1
0.379 0.1
0.38 0.1
0.381 0.1
0.382 0.1
0.383 0.1
0.384 0.1
0.385 0.1
0.386 0.1
0.387 0.1
0.388 0.1
0.389 0.1
0.39 0.1
0.391 0.1
0.392 0.1
0.393 0.1
0.394 0.1
0.395 0.1
0.396 0.1
0.397 0.1
0.398 0.1
0.399 0.1
0.4 0.1
0.401 0.1
0.402 0.1
0.403 0.1
0.404 0.1
0.405 0.1
0.406 0.1
0.407 0.1
0.408 0.1
0.409 0.1
0.41 0.1
0.411 0.1
0.412 0.1
0.413 0.1
0.414 0.1
0.415 0.1
0.416 0.1
0.417 0.1
0.418 0.1
0.419 0.1
0.42 0.1
0.421 0.1
0.422 0.1
0.423 0.1
0.424 0.1
0.425 0.1
0.426 0.1
0.427 0.1
0.428 0.1
0.429 0.1
0.43 0.1
0.431 0.1
0.432 0.1
0.433 0.1
0.434 0.1
0.435 0.1
0.436 0.1
0.437 0.1
0.438 0.1
0.439 0.1
0.44 0.1
0.441 0.1
0.442 0.1
0.443 0.1
0.444 0.1
0.445 0.1
0.446 0.1
0.447 0.1
0.448 0.1
0.449 0.1
0.45 0.1
0.451 0.1
0.452 0.1
0.453 0.1
0.454 0.1
0.455 0.1
0.456 0.1
0.457 0.1
0.458 0.1
0.459 0.1
0.46 0.1
0.461 0.1
0.462 0.1
0.463 0.1
0.464 0.1
0.465 0.1
0.466 0.1
0.467 0.1
0.468 0.1
0.469 0.1
0.47 0.1
0.471 0.1
0.472 0.1
0.473 0.1
0.474 0.1
0.475 0.1
0.476 0.1
0.477 0.1
0.478 0.1
0.479 0.1
0.48 0.1
0.481 0.1
0.482 0.1
0.483 0.1
0.484 0.1
0.485 0.1
0.486 0.1
0.487 0.1
0.488 0.1
0.489 0.1
0.49 0.1
0.491 0.1
0.492 0.1
0.493 0.1
0.494 0.1
0.495 0.1
0.496 0.1
0.497 0.1
0.498 0.1
0.499 0.1
0.5 0.1
0.501 0.1
0.502 0.1
0.503 0.1
0.504 0.1
0.505 0.1
0.506 0.1
0.507 0.1
0.508 0.1
0.509 0.1
0.51 0.1
0.511 0.1
0.512 0.1
0.513 0.1
0.514 0.1
0.515 0.1
0.516 0.1
0.517 0.1
0.518 0.1
0.519 0.1
0.52 0.1
0.521 0.1
0.522 0.1
0.523 0.1
0.524 0.1
0.525 0.1
0.526 0.1
0.527 0.1
0.528 0.1
0.529 0.1
0.53 0.1
0.531 0.1
0.532 0.1
0.533 0.1
0.534 0.1
0.535 0.1
0.536 0.1
0.537 0.1
0.538 0.1
0.539 0.1
0.54 0.1
0.541 0.1
0.542 0.1
0.543 0.1
0.544 0.1
0.545 0.1
0.546 0.1
0.547 0.1
0.548 0.1
0.549 0.1
0.55 0.1
0.551 0.1
0.552 0.1
0.553 0.1
0.554 0.1
0.555 0.1
0.556 0.1
0.557 0.1
0.558 0.1
0.559 0.1
0.56 0.1
0.561 0.1
0.562 0.1
0.563 0.1
0.564 0.1
0.565 0.1
0.566 0.1
0.567 0.1
0.568 0.1
0.569 0.1
0.57 0.1
0.571 0.1
0.572 0.1
0.573 0.1
0.574 0.1
0.575 0.1
0.576 0.1
0.577 0.1
0.578 0.1
0.579 0.1
0.58 0.1
0.581 0.1
0.582 0.1
0.583 0.1
0.584 0.1
0.585 0.1
0.586 0.1
0.587 0.1
0.588 0.1
0.589 0.1
0.59 0.1
0.591 0.1
0.592 0.1
0.593 0.1
0.594 0.1
0.595 0.1
0.596 0.1
0.597 0.1
0.598 0.1
0.599 0.1
0.6 0.1
0.601 0.1
0.602 0.1
0.603 0.1
0.604 0.1
0.605 0.1
0.606 0.1
0.607 0.1
0.608 0.1
0.609 0.1
0.61 0.1
0.611 0.1
0.612 0.1
0.613 0.1
0.614 0.1
0.615 0.1
0.616 0.1
0.617 0.1
0.618 0.1
0.619 0.1
0.62 0.1
0.621 0.1
0.622 0.1
0.623 0.1
0.624 0.1
0.625 0.1
0.626 0.1
0.627 0.1
0.628 0.1
0.629 0.1
0.63 0.1
0.631 0.1
0.632 0.1
0.633 0.1
0.634 0.1
0.635 0.1
0.636 0.1
0.637 0.1
0.638 0.1
0.639 0.1
0.64 0.1
0.641 0.1
0.642 0.1
0.643 0.1
0.644 0.1
0.645 0.1
0.646 0.1
0.647 0.1
0.648 0.1
0.649 0.1
0.65 0.1
0.651 0.1
0.652 0.1
0.653 0.1
0.654 0.1
0.655 0.1
0.656 0.1
0.657 0.1
0.658 0.1
0.659 0.1
0.66 0.1
0.661 0.1
0.662 0.1
0.663 0.1
0.664 0.1
0.665 0.1
0.666 0.1
0.667 0.1
0.668 0.1
0.669 0.1
0.67 0.1
0.671 0.1
0.672 0.1
0.673 0.1
0.674 0.1
0.675 0.1
0.676 0.1
0.677 0.1
0.678 0.1
0.679 0.1
0.68 0.1
0.681 0.1
0.682 0.1
0.683 0.1
0.684 0.1
0.685 0.1
0.686 0.1
0.687 0.1
0.688 0.1
0.689 0.1
0.69 0.1
0.691 0.1
0.692 0.1
0.693 0.1
0.694 0.1
0.695 0.1
0.696 0.1
0.697 0.1
0.698 0.1
0.699 0.1
0.7 0.1
0.701 0.1
0.702 0.1
0.703 0.1
0.704 0.1
0.705 0.1
0.706 0.1
0.707 0.1
0.708 0.1
0.709 0.1
0.71 0.1
0.711 0.1
0.712 0.1
0.713 0.1
0.714 0.1
0.715 0.1
0.716 0.1
0.717 0.1
0.718 0.1
0.719 0.1
0.72 0.1
0.721 0.1
0.722 0.1
0.723 0.1
0.724 0.1
0.725 0.1
0.726 0.1
0.727 0.1
0.728 0.1
0.729 0.1
0.73 0.1
0.731 0.1
0.732 0.1
0.733 0.1
0.734 0.1
0.735 0.1
0.736 0.1
0.737 0.1
0.738 0.1
0.739 0.1
0.74 0.1
0.741 0.1
0.742 0.1
0.743 0.1
0.744 0.1
0.745 0.1
0.746 0.1
0.747 0.1
0.748 0.1
0.749 0.1
0.75 0.1
0.751 0.1
0.752 0.1
0.753 0.1
0.754 0.1
0.755 0.1
0.756 0.1
0.757 0.1
0.758 0.1
0.759 0.1
0.76 0.1
0.761 0.1
0.762 0.1
0.763 0.1
0.764 0.1
0.765 0.1
0.766 0.1
0.767 0.1
0.768 0.1
0.769 0.1
0.77 0.1
0.771 0.1
0.772 0.1
0.773 0.1
0.774 0.1
0.775 0.1
0.776 0.1
0.777 0.1
0.778 0.1
0.779 0.1
0.78 0.1
0.781 0.1
0.782 0.1
0.783 0.1
0.784 0.1
0.785 0.1
0.786 0.1
0.787 0.1
0.788 0.1
0.789 0.1
0.79 0.1
0.791 0.1
0.792 0.1
0.793 0.1
0.794 0.1
0.795 0.1
0.796 0.1
0.797 0.1
0.798 0.1
0.799 0.1
0.8 0.1
0.801 0.1
0.802 0.1
0.803 0.1
0.804 0.1
0.805 0.2
0.806 0.2
0.807 0.2
0.808 0.2
0.809 0.2
0.81 0.2
0.811 0.2
0.812 0.2
0.813000000000001 0.2
0.814000000000001 0.2
0.815000000000001 0.200000000000027
0.816000000000001 0.260000000000027
0.817000000000001 0.320000000000027
0.818000000000001 0.380000000000027
0.819000000000001 0.440000000000027
0.820000000000001 0.500000000000027
0.821000000000001 0.560000000000027
0.822000000000001 0.620000000000027
0.823000000000001 0.680000000000027
0.824000000000001 0.740000000000027
0.825000000000001 0.8
0.826000000000001 0.8
0.827000000000001 0.8
0.828000000000001 0.8
0.829000000000001 0.8
0.830000000000001 0.8
0.831000000000001 0.8
0.832000000000001 0.8
0.833000000000001 0.8
0.834000000000001 0.8
0.835000000000001 0.9
0.836000000000001 0.9
0.837000000000001 0.9
0.838000000000001 0.9
0.839000000000001 0.9
0.840000000000001 0.9
0.841000000000001 0.9
0.842000000000001 0.9
0.843000000000001 0.9
0.844000000000001 0.9
0.845000000000001 0.9
0.846000000000001 0.9
0.847000000000001 0.9
0.848000000000001 0.9
0.849000000000001 0.9
0.850000000000001 0.9
0.851000000000001 0.9
0.852000000000001 0.9
0.853000000000001 0.9
0.854000000000001 0.9
0.855000000000001 0.9
0.856000000000001 0.9
0.857000000000001 0.9
0.858000000000001 0.9
0.859000000000001 0.9
0.860000000000001 0.9
0.861000000000001 0.9
0.862000000000001 0.9
0.863000000000001 0.9
0.864000000000001 0.9
0.865000000000001 0.9
0.866000000000001 0.9
0.867000000000001 0.9
0.868000000000001 0.9
0.869000000000001 0.9
0.870000000000001 0.9
0.871000000000001 0.9
0.872000000000001 0.9
0.873000000000001 0.9
0.874000000000001 0.9
0.875000000000001 0.9
0.876000000000001 0.9
0.877000000000001 0.9
0.878000000000001 0.9
0.879000000000001 0.9
0.880000000000001 0.9
0.881000000000001 0.9
0.882000000000001 0.9
0.883000000000001 0.9
0.884000000000001 0.9
0.885000000000001 0.9
0.886000000000001 0.9
0.887000000000001 0.9
0.888000000000001 0.9
0.889000000000001 0.9
0.890000000000001 0.9
0.891000000000001 0.9
0.892000000000001 0.9
0.893000000000001 0.9
0.894000000000001 0.9
0.895000000000001 0.9
0.896000000000001 0.9
0.897000000000001 0.9
0.898000000000001 0.9
0.899000000000001 0.9
0.900000000000001 0.9
0.901000000000001 0.9
0.902000000000001 0.9
0.903000000000001 0.9
0.904000000000001 0.9
0.905000000000001 0.9
0.906000000000001 0.9
0.907000000000001 0.9
0.908000000000001 0.9
0.909000000000001 0.9
0.910000000000001 0.9
0.911000000000001 0.9
0.912000000000001 0.9
0.913000000000001 0.9
0.914000000000001 0.9
0.915000000000001 0.9
0.916000000000001 0.9
0.917000000000001 0.9
0.918000000000001 0.9
0.919000000000001 0.9
0.920000000000001 0.9
0.921000000000001 0.9
0.922000000000001 0.9
0.923000000000001 0.9
0.924000000000001 0.9
0.925000000000001 0.9
0.926000000000001 0.9
0.927000000000001 0.9
0.928000000000001 0.9
0.929000000000001 0.9
0.930000000000001 0.9
0.931000000000001 0.9
0.932000000000001 0.9
0.933000000000001 0.9
0.934000000000001 0.9
0.935000000000001 0.9
0.936000000000001 0.9
0.937000000000001 0.9
0.938000000000001 0.9
0.939000000000001 0.9
0.940000000000001 0.9
0.941000000000001 0.9
0.942000000000001 0.9
0.943000000000001 0.9
0.944000000000001 0.9
0.945000000000001 0.9
0.946000000000001 0.9
0.947000000000001 0.9
0.948000000000001 0.9
0.949000000000001 0.9
0.950000000000001 0.9
0.951000000000001 0.9
0.952000000000001 0.9
0.953000000000001 0.9
0.954000000000001 0.9
0.955000000000001 0.9
0.956000000000001 0.9
0.957000000000001 0.9
0.958000000000001 0.9
0.959000000000001 0.9
0.960000000000001 0.9
0.961000000000001 0.9
0.962000000000001 0.9
0.963000000000001 0.9
0.964000000000001 0.9
0.965000000000001 0.9
0.966000000000001 0.9
0.967000000000001 0.9
0.968000000000001 0.9
0.969000000000001 0.9
0.970000000000001 0.9
0.971000000000001 0.9
0.972000000000001 0.9
0.973000000000001 0.9
0.974000000000001 0.9
0.975000000000001 0.9
0.976000000000001 0.9
0.977000000000001 0.9
0.978000000000001 0.9
0.979000000000001 0.9
0.980000000000001 0.9
0.981000000000001 0.9
0.982000000000001 0.9
0.983000000000001 0.9
0.984000000000001 0.9
0.985000000000001 0.9
0.986000000000001 0.9
0.987000000000001 0.9
0.988000000000001 0.9
0.989000000000001 0.9
0.990000000000001 0.9
0.991000000000001 0.9
0.992000000000001 0.9
0.993000000000001 0.9
0.994000000000001 0.9
0.995000000000001 0.9
0.996000000000001 0.9
0.997000000000001 0.9
0.998000000000001 0.9
0.999000000000001 0.9
1.0 0.9
1.001 0.9
1.002 0.9
1.003 0.9
1.004 0.9
1.005 0.9
1.006 0.9
1.007 0.9
1.008 0.9
1.009 0.9
1.01 0.9
1.011 0.9
1.012 0.9
1.013 0.9
1.014 0.9
1.015 0.9
1.016 0.9
1.017 0.9
1.018 0.9
1.019 0.9
1.02 0.9
1.021 0.9
1.022 0.9
1.023 0.9
1.024 0.9
1.025 0.9
1.026 0.9
1.027 0.9
1.028 0.9
1.029 0.9
1.03 0.9
1.031 0.9
1.032 0.9
1.033 0.9
1.034 0.9
1.035 0.9
1.036 0.9
1.037 0.9
1.038 0.9
1.039 0.9
1.04 0.9
1.041 0.9
1.042 0.9
1.043 0.9
1.044 0.9
1.045 0.9
1.046 0.9
1.047 0.9
1.048 0.9
1.049 0.9
1.05 0.9
1.051 0.9
1.05199999999999 0.9
1.05299999999999 0.9
1.05399999999999 0.9
1.05499999999999 0.9
1.05599999999999 0.9
1.05699999999999 0.9
1.05799999999999 0.9
1.05899999999999 0.9
1.05999999999999 0.9
