1.42499999999995 0.000924029848410615
1.42599999999995 0.00111061279858596
1.42699999999995 0.00136827496785661
1.42799999999995 0.00149266360130539
1.42899999999995 0.00149266360131117
1.42999999999995 0.0013682749678744
1.43099999999995 0.00105730338427665
1.43199999999995 0.00119057692008719
1.43299999999995 0.00110172789621004
1.43399999999995 0.00103064867709917
1.43499999999995 0.00119057692008587
1.43599999999995 0.00138604477263684
1.43699999999995 0.00164370694190779
1.43799999999995 0.00184805969685169
1.43899999999995 0.00184805969686144
1.43999999999995 0.00162593713715313
1.44099999999995 0.00146600889415257
1.44199999999995 0.00157262772280484
1.44299999999995 0.00164370694191661
1.44399999999995 0.00200798793984152
1.44499999999995 0.00216791618284895
1.44599999999995 0.00227453501151659
1.44699999999995 0.00247888776645325
1.44799999999995 0.00254996698556979
1.44899999999995 0.00258550659512653
1.44999999999995 0.0026743556190115
1.45099999999995 0.00268324052140416
1.45199999999995 0.00275431974051117
1.45299999999995 0.00302086681216422
1.45399999999995 0.00330518368860357
1.45499999999995 0.00344734212683066
1.45599999999995 0.00352730624833255
1.45699999999995 0.00381162312476259
1.45799999999995 0.00415813431792102
1.45899999999995 0.00489558121616823
1.45999999999995 0.00567745262637663
1.46099999999995 0.00653040325569355
1.46199999999995 0.00742777839695578
1.46299999999995 0.00871608924330563
1.46399999999995 0.0103686810875961
1.46499999999995 0.0124744029537081
1.46599999999995 0.0151043340607537
1.46699999999995 0.0185694459923258
1.46799999999995 0.0232517895511388
1.46899999999995 0.0288937025679494
1.46999999999995 0.0362770564529175
1.47099999999995 0.0455084700347396
1.47199999999995 0.0560992736820681
1.47299999999995 0.0692933537292357
1.47399999999995 0.0849218970309338
1.47499999999995 0.10270947161311
1.47599999999995 0.123802229883848
1.47699999999995 0.147507149456911
1.47799999999995 0.173637647382119
1.47899999999995 0.202664623486031
1.47999999999995 0.233797321456126
1.48099999999995 0.267426676997433
1.48199999999995 0.302886322430866
1.48299999999995 0.340087408732492
1.48399999999995 0.378976626487992
1.48499999999995 0.418772104287178
1.48599999999995 0.459811468420781
1.48699999999995 0.501010760797429
1.48799999999995 0.542227822978872
1.48899999999995 0.582760747676408
1.48999999999995 0.621383418360436
1.49099999999995 0.657935906787884
1.49199999999995 0.691014398381412
1.49299999999995 0.719970295266586
1.49399999999995 0.745310036879515
1.49499999999995 0.766269521614823
1.49599999999995 0.784128175416392
1.49699999999995 0.798779379455622
1.49799999999995 0.809841082929819
1.49899999999995 0.818601596685256
1.49999999999995 0.824714409528865
1.50099999999995 0.829370098380652
1.50199999999995 0.832986253652932
1.50299999999995 0.835571760248116
1.50399999999995 0.837553093480842
1.50499999999995 0.839125721203675
1.50599999999994 0.84133806189844
1.50699999999994 0.843150581985768
1.50799999999994 0.844723209708591
1.50899999999994 0.846393571357672
1.50999999999994 0.847086593744049
1.51099999999994 0.848188321640232
1.51199999999994 0.84902350246479
1.51299999999994 0.849432207974696
1.51399999999994 0.849503287193825
1.51499999999994 0.849334474048452
1.51599999999994 0.848925768538583
1.51699999999994 0.848712530881242
1.51799999999994 0.848241631054652
1.51899999999994 0.846926665501164
1.51999999999994 0.846029290359876
1.52099999999994 0.845096375609058
1.52199999999994 0.844794288927805
1.52299999999994 0.844945332268388
1.52399999999994 0.844838713439738
1.52499999999994 0.844323389101213
1.52599999999994 0.843603712007736
1.52699999999994 0.842981768840517
1.52799999999994 0.843212776302576
1.52899999999994 0.843603712007672
1.52999999999994 0.844350043808307
1.53099999999994 0.845123030316127
1.53199999999994 0.845469541509313
1.53299999999994 0.84558504524038
1.53399999999994 0.845593930142775
1.53499999999994 0.845593930142776
1.53599999999994 0.846038175262188
1.53699999999994 0.846180333700426
1.53799999999994 0.846313607236257
1.53899999999994 0.847113248451206
1.53999999999994 0.847299831401406
1.54099999999994 0.847957314178147
1.54199999999994 0.848357134785656
1.54299999999994 0.848197206542691
1.54399999999994 0.848188321640293
1.54499999999994 0.848525947931046
1.54599999999994 0.849076811879136
1.54699999999994 0.849734294655897
1.54799999999994 0.849876453094148
1.54899999999994 0.849441092877134
1.54999999999994 0.849023502464861
1.55099999999994 0.84845486871199
1.55199999999994 0.848223861249862
1.55299999999994 0.848250515957013
1.55399999999994 0.848143897128356
1.55499999999994 0.848268285761784
1.55599999999994 0.847966199080592
1.55699999999994 0.847317601206234
1.55799999999994 0.847210982377536
1.55899999999994 0.846420226064979
1.55999999999994 0.846384686455377
1.56099999999994 0.846722312746128
1.56199999999994 0.846162563895691
1.56299999999994 0.846411341162526
1.56399999999994 0.846784507062846
1.56499999999994 0.847388680425268
1.56599999999994 0.848099472616361
1.56699999999994 0.849201200512543
1.56799999999994 0.849787604070233
1.56899999999994 0.850285158604009
1.56999999999994 0.850907101771214
1.57099999999994 0.851360231793051
1.57199999999994 0.851760052400548
1.57299999999994 0.852426420079688
1.57399999999994 0.853323795220938
1.57499999999994 0.853714730926075
1.57599999999994 0.854016817607299
1.57699999999994 0.854585451360162
1.57799999999994 0.85521627942976
1.57899999999994 0.856033690449514
1.57999999999994 0.856851101469279
1.58099999999994 0.857295346588741
1.58199999999994 0.857304231491157
1.58299999999994 0.857224267369664
1.58399999999994 0.857553008758022
1.58499999999994 0.857304231491173
1.58599999999994 0.857757361512955
1.58699999999994 0.8581216425109
1.58799999999994 0.857863980341666
1.58899999999994 0.858352649973
1.58999999999994 0.858459268801689
1.59099999999994 0.858663621556624
1.59199999999994 0.859232255309481
1.59299999999994 0.859392183552505
1.59399999999994 0.859649845721773
1.59499999999994 0.860129630450751
1.59599999999994 0.860422832229592
1.59699999999993 0.860493911448717
1.59799999999993 0.859996356914983
1.59899999999993 0.859392183552555
1.59999999999993 0.858654736654297
1.60099999999993 0.858023908584688
1.60199999999993 0.857268691881652
1.60299999999993 0.856078114961588
1.60399999999993 0.855180739820304
1.60499999999993 0.854070127021723
1.60599999999993 0.853048363247011
1.60699999999993 0.851777822205435
1.60799999999993 0.849991956825329
1.60899999999993 0.848534832833551
1.60999999999993 0.847699652008967
1.61099999999993 0.84731760120622
1.61199999999993 0.847113248451267
1.61299999999993 0.846393571357812
1.61399999999993 0.845975980945521
1.61499999999993 0.845434001899815
1.61599999999993 0.844669900294397
1.61699999999993 0.84469655500151
1.61799999999993 0.84484759834211
1.61899999999993 0.84528295855914
1.61999999999993 0.846011520554998
1.62099999999993 0.846473535479232
1.62199999999993 0.846624578819861
1.62299999999993 0.847397565327641
1.62399999999993 0.847370910620529
1.62499999999993 0.847912889666205
1.62599999999993 0.848143897128333
1.62699999999993 0.847655227497001
1.62799999999993 0.848214976347421
1.62899999999993 0.847761846325664
1.62999999999993 0.847815155739961
1.63099999999993 0.84788623495907
1.63199999999993 0.847992853787733
1.63299999999993 0.848765840295509
1.63399999999993 0.848659221466904
1.63499999999993 0.848037278299727
1.63599999999993 0.847344255913409
1.63699999999993 0.846828931574849
1.63799999999993 0.846731197648544
1.63899999999993 0.847033284329733
1.63999999999993 0.846571269405572
1.64099999999993 0.845718318776278
1.64199999999993 0.845149685023378
1.64299999999993 0.844358928710794
1.64399999999993 0.844723209708652
1.64499999999993 0.845025296389874
1.64599999999993 0.845300728363927
1.64699999999993 0.846295837431417
1.64799999999993 0.846722312746118
1.64899999999993 0.847761846325559
1.64999999999993 0.84857925734534
1.65099999999993 0.848561487540622
1.65199999999993 0.848961308148086
1.65299999999993 0.848348249883334
1.65399999999993 0.847388680425373
1.65499999999993 0.846979974915451
1.65599999999993 0.846837816477212
1.65699999999993 0.84727317669422
1.65799999999993 0.847548608668283
1.65899999999993 0.847761846325617
1.65999999999993 0.847033284329807
1.66099999999993 0.846295837431541
1.66199999999993 0.846651233527012
1.66299999999993 0.846669003331814
1.66399999999993 0.846526844893606
1.66499999999993 0.846366916650609
1.66599999999993 0.845442886802234
1.66699999999993 0.844892022854104
1.66799999999993 0.845131915218543
1.66899999999993 0.844918677561246
1.66999999999993 0.845647239557055
1.67099999999993 0.845949326238304
1.67199999999993 0.846127024286088
1.67299999999993 0.84683781647715
1.67399999999993 0.847246521987055
1.67499999999993 0.847966199080521
1.67599999999993 0.848250515956993
1.67699999999993 0.84925450992687
1.67799999999993 0.849529941900975
1.67899999999993 0.850178539775326
1.67999999999993 0.851315807281051
1.68099999999993 0.851289152573971
1.68199999999993 0.852781816175169
1.68299999999993 0.854230055264539
1.68399999999993 0.855136315308233
1.68499999999993 0.856620094007112
1.68599999999993 0.856700058128716
1.68699999999993 0.856309122423646
1.68799999999992 0.85685110146929
1.68899999999992 0.857268691881571
1.68999999999992 0.857508584246081
1.69099999999992 0.858192721729982
1.69199999999992 0.858228261339586
1.69299999999992 0.8585925423375
1.69399999999992 0.858565887630363
1.69499999999992 0.857704052098717
1.69599999999992 0.857650742684323
1.69699999999992 0.857597433269991
1.69799999999992 0.857730706805808
1.69899999999992 0.858796895092387
1.69999999999992 0.858379304680229
1.70099999999992 0.857784016220196
1.70199999999992 0.857632972879553
1.70299999999992 0.857144303248197
1.70399999999992 0.856575669495323
1.70499999999992 0.855518366111099
1.70599999999992 0.854230055264747
1.70699999999992 0.852906204808825
1.70799999999992 0.852062139081856
1.70899999999992 0.851564584548059
1.70999999999992 0.850907101771304
1.71099999999992 0.850409547237521
1.71199999999992 0.850613899992408
1.71299999999992 0.850098575653916
1.71399999999992 0.849920877606114
1.71499999999992 0.848819149709981
1.71599999999992 0.847548608668402
1.71699999999992 0.846811161770093
1.71799999999992 0.845842707409737
1.71899999999992 0.845442886802198
1.71999999999992 0.844501087149033
1.72099999999992 0.843017308450154
1.72199999999992 0.841728997603768
1.72299999999992 0.840493996171727
1.72399999999992 0.839969786930734
1.72499999999992 0.839374498470693
1.72599999999992 0.838965792960796
1.72699999999992 0.838690360986734
1.72799999999992 0.838965792960741
1.72899999999992 0.838939138253599
1.72999999999992 0.838974677863149
1.73099999999992 0.839152375910913
1.73199999999992 0.838379389403167
1.73299999999992 0.839090181594149
1.73399999999992 0.839383383373011
1.73499999999992 0.83995201712587
1.73599999999992 0.839969786930691
1.73699999999992 0.839321189056366
1.73799999999992 0.838788094913031
1.73899999999992 0.838006223502841
1.73999999999992 0.836931150313825
1.74099999999992 0.835687263979413
1.74199999999992 0.834434492742599
1.74299999999992 0.832470929314741
1.74399999999992 0.832088878511897
1.74499999999992 0.831431395735151
1.74599999999992 0.830311898034205
1.74699999999992 0.830169739595906
1.74799999999992 0.828757040116197
1.74899999999992 0.828499377946829
1.74999999999992 0.828366104410987
1.75099999999992 0.827575348098442
1.75199999999992 0.827806355560466
1.75299999999992 0.827308801026755
1.75399999999992 0.828055132827308
1.75499999999992 0.829947617036019
1.75599999999992 0.831538014563631
1.75699999999992 0.834585536082854
1.75799999999992 0.836984459727872
1.75899999999992 0.839356728665672
1.75999999999992 0.84132029209362
1.76099999999992 0.841755652310797
1.76199999999992 0.84149799014158
1.76299999999992 0.838574857255902
1.76399999999992 0.833190606408522
1.76499999999992 0.823452753390809
1.76599999999992 0.809503456640813
1.76699999999992 0.791600378327803
1.76799999999992 0.767975422876583
1.76899999999992 0.739739203085502
1.76999999999992 0.705416825158246
1.77099999999992 0.666083362283641
1.77199999999992 0.628651268519656
1.77299999999992 0.588091689115253
1.77399999999992 0.544742250360744
1.77499999999992 0.499900148004814
1.77599999999992 0.450073615409098
1.77699999999992 0.401251076782804
1.77799999999991 0.355325016335073
1.77899999999991 0.312091081311153
1.77999999999991 0.272526610973715
1.78099999999991 0.235814194303137
1.78199999999991 0.203917394727087
1.78299999999991 0.175272469425457
1.78399999999991 0.150074886250653
1.78499999999991 0.128804429931637
1.78599999999991 0.110155019817411
1.78699999999991 0.094686404758312
1.78799999999991 0.0811013890057438
1.78899999999991 0.0694532819739191
1.78999999999991 0.0598398175891084
1.79099999999991 0.0513280811005841
1.79199999999991 0.0447088288207982
1.79299999999991 0.0395733552399693
1.79399999999991 0.0342601836115081
1.79499999999991 0.0302086681221254
1.79599999999991 0.0265214336307604
1.79699999999991 0.0234383725018099
1.79799999999991 0.0203730811776872
1.79899999999991 0.01830289892102
1.79999999999991 0.0161172129333963
1.80099999999991 0.014562355015309
1.80199999999991 0.0133984328023476
1.80299999999991 0.0122256256870324
1.80399999999991 0.0114970636911155
1.80499999999991 0.0103864508925548
1.80599999999991 0.0101820981375335
1.80699999999991 0.00979116243244461
1.80799999999991 0.00900040611988067
1.80899999999991 0.00809414607623787
1.80999999999991 0.00708126720392902
1.81099999999991 0.00543756026206488
1.81199999999991 0.0047889623875976
1.81299999999991 0.00430917765858984
1.81399999999991 0.00424698334183136
1.81499999999991 0.00515324338539833
1.81599999999991 0.00447799080399377
1.81699999999991 0.00348288173648177
1.81799999999991 0.00249665757132895
1.81899999999991 0.00344734212675262
1.81999999999991 0.00324298937191462
1.82099999999991 0.00324298937189628
1.82199999999991 0.00435360217039103
1.82299999999991 0.00210572186633754
1.82399999999991 0.00302086681209486
1.82499999999991 0.00291424798352191
1.82599999999991 0.00302086681216773
1.82699999999991 0.00456683982768136
1.82799999999991 0.00406928529409576
1.82899999999991 0.00573076204059734
1.82999999999991 0.00473565297329782
1.83099999999991 0.0038382778320245
1.83199999999991 0.00396266646537427
1.83299999999991 0.00304752151942715
1.83399999999991 0.00307417622650747
1.83499999999991 0.00278985935009563
1.83599999999991 0.00272766503335407
1.83699999999991 0.00329629878617668
