0.301 2e-07
0.302 1e-07
0.303 3e-07
0.304 3e-07
0.306 1e-06
0.307 9e-07
0.308 9e-07
0.309 9e-07
0.31 5e-07
0.311 5e-07
0.312 9e-07
0.313 5e-07
0.314 6e-07
0.315 9e-07
0.316 2e-07
0.317 6e-07
0.318 2e-07
0.319 1e-06
0.321 3e-07
0.322 3e-07
0.323 7e-07
0.324 2e-07
0.325 3e-07
0.326 2e-07
0.327 4e-07
0.328 7e-07
0.329 5e-07
0.33 3e-07
0.331 3e-07
0.332 3e-07
0.334 3e-07
0.335 7e-07
0.336 6e-07
0.337 3e-07
0.338 6e-07
0.339 1e-07
0.34 2e-07
0.341 1e-07
0.342 1.5e-06
0.343 3e-07
0.344 2e-07
0.345 2e-07
0.346 3e-07
0.347 2e-07
0.348 1.1e-06
0.349 3e-07
0.35 4.44089209850062e-20
0.351 8.00000000000111e-07
0.352 2.80000000000032e-06
0.353 8.60000000000131e-06
0.354 3.22000000000041e-05
0.355 0.00010600000000001
0.356 0.000293000000000025
0.357 0.000733000000000048
0.358 0.00160000000000009
0.359 0.00319000000000015
0.36 0.00590000000000023
0.361 0.0101000000000003
0.362 0.0163000000000005
0.363 0.0249000000000006
0.364 0.0360000000000008
0.365 0.050100000000001
0.366 0.0673000000000011
0.367 0.0860000000000013
0.368 0.109000000000001
0.369 0.132000000000001
0.37 0.158000000000001
0.371 0.184000000000002
0.372 0.212000000000002
0.373 0.242000000000001
0.374 0.268000000000002
0.375 0.296000000000002
0.376 0.325000000000001
0.377 0.350000000000002
0.378 0.377000000000001
0.379 0.402000000000001
0.38 0.426000000000001
0.381 0.449000000000001
0.382 0.471000000000001
0.383 0.492000000000001
0.384 0.512000000000001
0.385 0.532000000000001
0.386 0.547000000000001
0.387 0.565000000000001
0.388 0.580000000000001
0.389 0.596000000000001
0.39 0.609000000000001
0.391 0.622000000000001
0.392 0.635000000000001
0.393 0.647000000000001
0.394 0.66
0.395 0.667000000000001
0.396 0.677
0.397 0.685000000000001
0.398 0.696
0.399 0.703
0.4 0.710000000000001
0.401 0.716
0.402 0.720000000000001
0.403 0.727000000000001
0.404 0.733000000000001
0.405 0.738000000000001
0.406 0.744
0.407 0.747
0.408 0.751000000000001
0.409 0.756
0.41 0.756
0.411 0.76
0.412 0.761000000000001
0.413 0.769
0.414 0.77
0.415 0.772
0.416 0.774
0.417 0.776
0.418 0.779
0.419 0.781
0.42 0.781
0.421 0.783
0.422 0.785
0.423 0.784
0.424 0.785
0.425 0.784
0.426 0.785
0.427 0.786
0.428 0.787
0.429 0.784
0.43 0.785
0.431 0.783
0.432 0.782
0.433 0.781
0.434 0.784
0.435 0.781
0.436 0.778
0.437 0.777
0.438 0.775
0.439 0.773
0.44 0.774
0.441 0.771999999999999
0.442 0.767
0.443 0.767
0.444 0.765
0.445 0.761999999999999
0.446 0.756
0.447 0.754
0.448 0.75
0.449 0.745999999999999
0.45 0.740999999999999
0.451 0.737
0.452 0.733999999999999
0.453 0.728999999999999
0.454 0.722999999999999
0.455 0.719999999999999
0.456 0.713999999999999
0.457 0.707999999999999
0.458 0.702999999999999
0.459 0.696999999999999
0.46 0.689999999999999
0.461 0.682999999999999
0.462 0.676999999999998
0.463 0.666999999999998
0.464 0.657999999999998
0.465 0.647999999999998
0.466 0.637999999999998
0.467 0.626999999999998
0.468 0.613999999999998
0.469 0.599999999999998
0.47 0.586999999999997
0.471 0.570999999999998
0.472 0.556999999999997
0.473 0.540999999999998
0.474 0.526999999999997
0.475 0.510999999999998
0.476 0.495999999999998
0.477 0.480999999999997
0.478 0.464999999999997
0.479 0.448999999999998
0.48 0.433999999999997
0.481 0.416999999999997
0.482 0.400999999999997
0.483 0.384999999999997
0.484 0.368999999999997
0.485 0.351999999999998
0.486 0.337999999999997
0.487 0.322999999999997
0.488 0.307999999999997
0.489 0.292999999999998
0.49 0.279999999999998
0.491 0.266999999999998
0.492 0.254999999999998
0.493 0.242999999999998
0.494 0.231999999999998
0.495 0.221999999999998
0.496 0.211999999999998
0.497 0.202999999999999
0.498 0.194999999999999
0.499 0.186999999999999
0.5 0.177999999999998
0.501 0.169999999999998
0.502 0.160999999999998
0.503 0.151999999999998
0.504 0.141999999999998
0.505 0.132999999999998
0.506 0.123999999999998
0.507 0.114999999999998
0.508 0.106999999999998
0.509 0.0990999999999985
0.51 0.0921999999999985
0.511 0.0854999999999987
0.512 0.0797999999999988
0.513 0.0741999999999988
0.514 0.0687999999999989
0.515 0.0637999999999989
0.516 0.0587999999999989
0.517 0.053999999999999
0.518 0.0495999999999991
0.519 0.0453999999999991
0.52 0.0411999999999992
0.521 0.0374999999999992
0.522 0.0339999999999993
0.523 0.0307999999999994
0.524 0.0278999999999994
0.525 0.0250999999999994
0.526 0.0225999999999995
0.527 0.0204999999999996
0.528 0.0184999999999996
0.529 0.0168999999999997
0.53 0.0153999999999997
0.531 0.0141999999999998
0.532 0.0130999999999998
0.533 0.0121999999999998
0.534 0.0114999999999998
0.535 0.0107999999999999
0.536 0.0102999999999999
0.537 0.00986999999999993
0.538 0.00955999999999993
0.539 0.00925999999999997
0.54 0.00910999999999998
0.541 0.009
0.542 0.00900000000000001
0.543 0.00902000000000003
0.544 0.00915000000000005
0.545 0.00938000000000007
0.546 0.0096700000000001
0.547 0.0101000000000001
0.548 0.0106000000000001
0.549 0.0111000000000002
0.55 0.0118000000000002
0.551 0.0126000000000002
0.552 0.0134000000000002
0.553 0.0143000000000002
0.554 0.0151000000000002
0.555 0.0159000000000002
0.556 0.0166000000000001
0.557 0.0172000000000001
0.558 0.0176000000000001
0.559 0.0179
0.56 0.018
0.561 0.0179
0.562 0.0176999999999999
0.563 0.0173999999999999
0.564 0.0167999999999998
0.565 0.0160999999999998
0.566 0.0152999999999998
0.567 0.0144999999999998
0.568 0.0134999999999998
0.569 0.0123999999999998
0.57 0.0113999999999998
0.571 0.0102999999999998
0.572 0.00919999999999976
0.573 0.00812999999999978
0.574 0.00711999999999979
0.575 0.00617999999999981
0.576 0.00532999999999982
0.577 0.00450999999999984
0.578 0.00380999999999987
0.579 0.00319999999999988
0.58 0.0026399999999999
0.581 0.00216999999999992
0.582 0.00178999999999993
0.583 0.00145999999999994
0.584 0.00119999999999995
0.585 0.000981999999999964
0.586 0.00081999999999997
0.587 0.000685999999999977
0.588 0.000579999999999983
0.589 0.000501999999999987
0.59 0.000441999999999991
0.591 0.000399999999999992
0.592 0.000364999999999995
0.593 0.000343999999999996
0.594 0.000324999999999998
0.595 0.000316999999999998
0.596 0.000308999999999999
0.597 0.000305
0.598 0.000305
0.599 0.000304
0.6 0.000301999999999999
0.601 0.000299
0.602 0.000299
0.603 0.000296999999999999
0.604 0.000293999999999999
0.605 0.000287999999999998
0.606 0.000280999999999998
0.607 0.000272999999999999
0.608 0.000267999999999998
0.609 0.000260999999999998
0.61 0.000253999999999998
0.611 0.000245999999999998
0.612 0.000234999999999998
0.613 0.000224999999999998
0.614 0.000214999999999999
0.615 0.000207999999999998
0.616 0.000196999999999998
0.617 0.000187999999999998
0.618 0.000178999999999998
0.619 0.000168999999999997
0.62 0.000155999999999998
0.621 0.000146999999999998
0.622 0.000137999999999997
0.623 0.000125999999999998
0.624 0.000116999999999998
0.625 0.000107999999999998
0.626 9.88999999999982e-05
0.627 9.06999999999983e-05
0.628 8.30999999999983e-05
0.629 7.51999999999985e-05
0.63 6.82999999999983e-05
0.631 6.06999999999987e-05
0.632 5.4899999999999e-05
0.633 5.04999999999987e-05
0.634 4.46999999999988e-05
0.635 3.93999999999993e-05
0.636 3.61999999999991e-05
0.637 3.22999999999995e-05
0.638 2.99999999999993e-05
0.639 2.69999999999994e-05
0.64 2.42999999999996e-05
0.641 2.25999999999996e-05
0.642 2.07999999999995e-05
0.643 1.85e-05
0.644 1.83999999999996e-05
0.645 1.66999999999997e-05
0.646 1.55e-05
0.647 1.53999999999997e-05
0.648 1.39999999999999e-05
0.649 1.36999999999998e-05
0.65 1.3e-05
0.651 1.30999999999999e-05
0.652 1.27999999999999e-05
0.653 1.24e-05
0.654 1.25999999999999e-05
0.655 1.22000000000001e-05
0.656 1.26999999999999e-05
0.657 1.23999999999999e-05
0.658 1.21000000000001e-05
0.659 1.25999999999999e-05
0.66 1.20000000000003e-05
0.661 1.32e-05
0.662 1.31000000000001e-05
0.663 1.36000000000004e-05
0.664 1.52e-05
0.665 1.52000000000001e-05
0.666 1.56000000000003e-05
0.667 1.69000000000002e-05
0.668 1.79000000000001e-05
0.669 1.83000000000003e-05
0.67 1.96000000000003e-05
0.671 2.07000000000004e-05
0.672 2.24000000000001e-05
0.673 2.28000000000004e-05
0.674 2.45000000000001e-05
0.675 2.49000000000003e-05
0.676 2.64000000000004e-05
0.677 2.80000000000002e-05
0.678 2.88000000000006e-05
0.679 3.16000000000001e-05
0.68 3.21000000000002e-05
0.681 3.31000000000001e-05
0.682 3.37000000000003e-05
0.683 3.50000000000003e-05
0.684 3.61000000000001e-05
0.685 3.65e-05
0.686 3.63000000000003e-05
0.687 3.76999999999999e-05
0.688 3.69999999999998e-05
0.689 3.6e-05
0.69 3.59999999999999e-05
0.691 3.53999999999996e-05
0.692 3.34000000000002e-05
0.693 3.41999999999994e-05
0.694 3.14999999999995e-05
0.695 2.93e-05
0.696 2.90999999999993e-05
0.697 2.56999999999999e-05
0.698 2.50999999999998e-05
0.699 2.40999999999996e-05
0.7 2.20999999999995e-05
0.701 2.05999999999996e-05
0.702 1.94999999999995e-05
0.703 1.80999999999997e-05
0.704 1.70999999999989e-05
0.705 1.39000000000001e-05
0.706 1.41999999999992e-05
0.707 1.17999999999998e-05
0.708 1.12999999999998e-05
0.709 1.05999999999997e-05
0.71 9.59999999999937e-06
0.711 7.70000000000014e-06
0.712 8.09999999999964e-06
0.713 6.99999999999974e-06
0.714 6.2000000000001e-06
0.715 6.49999999999954e-06
0.716 5.09999999999987e-06
0.717 4.6999999999997e-06
0.718 3.8000000000001e-06
0.719 4.0999999999998e-06
0.72 3.49999999999977e-06
0.721 2.79999999999997e-06
0.722 2.70000000000013e-06
0.723 3.09999999999973e-06
0.724 2.3e-06
0.725 2.29999999999963e-06
0.726 1.20000000000007e-06
0.727 1.40000000000017e-06
0.728 1.8999999999999e-06
0.729 1.59999999999973e-06
0.73 8.000000000001e-07
0.731 1.09999999999993e-06
0.732 9.00000000000067e-07
0.733 1.0999999999999e-06
0.734 7.99999999999834e-07
0.735 3.00000000000133e-07
0.736 6.999999999999e-07
0.737 4.00000000000133e-07
0.738 8e-07
0.739 7.999999999999e-07
0.74 4.999999999999e-07
0.741 2.00000000000067e-07
0.742 4.000000000002e-07
0.743 9.99999999999734e-07
0.744 2.00000000000133e-07
0.745 5.99999999999834e-07
0.746 1.000000000002e-07
0.747 6.999999999999e-07
0.748 3.99999999999934e-07
0.749 1.99999999999933e-07
0.751 1.66533453693773e-19
0.752 4.99999999999867e-07
0.753 1.00000000000167e-07
0.754 5.999999999999e-07
0.755 2.99999999999967e-07
0.756 2.00000000000133e-07
0.757 5.999999999998e-07
0.758 3.33066907387547e-20
0.759 1.000000000001e-07
0.76 4e-07
0.761 4e-07
0.762 4.00000000000033e-07
0.763 4.99999999999934e-07
0.764 2.99999999999967e-07
0.765 1.99999999999967e-07
0.766 1.00000000000033e-07
0.767 2.00000000000067e-07
0.768 3.99999999999867e-07
0.77 1.77635683940025e-19
0.771 4.00000000000089e-07
0.772 5.99999999999823e-07
0.773 1.99999999999956e-07
0.774 1.00000000000133e-07
0.775 3.99999999999867e-07
0.776 1.00000000000044e-07
0.777 2.00000000000089e-07
0.778 3.99999999999823e-07
0.779 4.44089209850062e-20
0.78 1.000000000004e-07
0.781 9.99999999999867e-07
0.782 6.99999999999912e-07
0.783 4.99999999999911e-07
0.784 3.00000000000045e-07
0.785 4.00000000000045e-07
0.786 4.99999999999823e-07
0.787 1.00000000000044e-07
0.788 2e-07
0.789 2e-07
0.79 2.00000000000222e-07
0.791 7.00000000000134e-07
0.792 9.99999999999778e-07
0.793 5e-07
0.794 5.00000000000089e-07
0.795 6.99999999999734e-07
0.796 1.00000000000533e-07
0.797 1.29999999999951e-06
0.798 2.00000000000577e-07
0.799 1.49999999999947e-06
0.8 3.00000000000045e-07
0.801 3.99999999999956e-07
0.802 3.00000000000133e-07
0.803 5.99999999999823e-07
0.804 1.99999999999956e-07
0.805 1.00000000000133e-07
0.806 3.99999999999956e-07
0.807 2.99999999999867e-07
0.808 4.44089209850062e-20
0.809 1.00000000000089e-07
0.81 3.00000000000133e-07
0.811 5.99999999999823e-07
0.812 2.00000000000089e-07
0.813000000000001 4.00000000000045e-07
0.814000000000001 4.99999999999867e-07
0.815000000000001 2.00000000000178e-07
0.816000000000001 5.99999999999867e-07
0.817000000000001 2.99999999999911e-07
0.818000000000001 1.00000000000044e-07
0.819000000000001 2e-07
0.820000000000001 2.00000000000045e-07
0.821000000000001 2.99999999999956e-07
0.822000000000001 2.00000000000045e-07
0.823000000000001 2.99999999999867e-07
0.824000000000001 4.44089209850062e-20
0.825000000000001 1e-07
0.826000000000001 9.99999999999556e-08
0.827000000000001 2.22044604925031e-19
0.828000000000001 5e-07
0.829000000000001 4.99999999999823e-07
0.830000000000001 9.99999999999556e-08
0.831000000000001 4.44089209850062e-20
0.832000000000001 1.00000000000044e-07
0.833000000000001 1.99999999999956e-07
0.834000000000001 1.00000000000133e-07
0.835000000000001 4e-07
0.836000000000001 3.99999999999867e-07
0.837000000000001 1e-07
0.838000000000001 1.00000000000089e-07
0.839000000000001 3.00000000000089e-07
0.840000000000001 4.99999999999867e-07
0.841000000000001 2e-07
0.842000000000001 2.00000000000045e-07
0.843000000000001 3e-07
0.844000000000001 2.99999999999867e-07
0.845000000000001 1.33226762955019e-19
0.846000000000001 3.00000000000045e-07
0.847000000000001 3.99999999999956e-07
0.848000000000001 2.99999999999911e-07
0.849000000000001 1.00000000000044e-07
0.850000000000001 2e-07
0.851000000000001 1.99999999999956e-07
0.852000000000001 1e-07
0.853000000000001 1.00000000000044e-07
0.854000000000001 2.00000000000045e-07
0.855000000000001 2.99999999999867e-07
0.856000000000001 8.88178419700125e-20
0.857000000000001 2.00000000000045e-07
0.858000000000001 3e-07
0.859000000000001 3.00000000000045e-07
0.860000000000001 3.99999999999911e-07
0.861000000000001 2.00000000000089e-07
0.862000000000001 3.99999999999911e-07
0.863000000000001 1.99999999999956e-07
0.864000000000001 1.00000000000044e-07
0.865000000000001 1.99999999999956e-07
0.866000000000001 1.00000000000044e-07
0.867000000000001 2e-07
0.868000000000001 2.00000000000045e-07
0.869000000000001 2.99999999999956e-07
0.870000000000001 1.99999999999956e-07
0.871000000000001 1e-07
0.872000000000001 1.00000000000044e-07
0.873000000000001 2e-07
0.874000000000001 2e-07
0.875000000000001 1.99999999999956e-07
0.876000000000001 1e-07
0.877000000000001 9.99999999999556e-08
0.878000000000001 8.88178419700125e-20
0.879000000000001 2e-07
0.880000000000001 1.99999999999956e-07
0.881000000000001 1e-07
0.882000000000001 9.99999999999556e-08
0.883000000000001 4.44089209850062e-20
0.884000000000001 1e-07
0.885000000000001 1e-07
0.886000000000001 1e-07
0.887000000000001 1e-07
0.888000000000001 9.99999999999556e-08
0.889000000000001 8.88178419700125e-20
0.890000000000001 1.99999999999956e-07
0.891000000000001 1e-07
0.892000000000001 1e-07
0.893000000000001 1e-07
0.894000000000001 1e-07
0.895000000000001 1e-07
0.896000000000001 1e-07
0.897000000000001 1.00000000000044e-07
0.898000000000001 1.99999999999956e-07
0.899000000000001 1.00000000000044e-07
0.900000000000001 2e-07
0.901000000000001 1.99999999999945e-07
0.902000000000001 9.99999999999445e-08
0.904000000000001 1.11022302462516e-19
0.905000000000001 1.99999999999945e-07
0.906000000000001 1e-07
0.907000000000001 1.00000000000056e-07
0.908000000000001 1.99999999999945e-07
0.909000000000001 1e-07
0.910000000000001 1.00000000000056e-07
0.911000000000001 1.99999999999945e-07
0.912000000000001 1e-07
0.913000000000001 9.99999999999445e-08
0.914000000000001 5.55111512312578e-20
0.915000000000001 1.00000000000056e-07
0.916000000000001 1.99999999999945e-07
0.917000000000001 1e-07
0.918000000000001 1e-07
0.919000000000001 1e-07
0.920000000000001 1e-07
0.921000000000001 1e-07
0.922000000000001 1e-07
0.923000000000001 1e-07
0.924000000000001 1e-07
0.925000000000001 1e-07
0.926000000000001 1e-07
0.927000000000001 1e-07
0.928000000000001 1e-07
0.929000000000001 1e-07
0.930000000000001 1e-07
0.931000000000001 1e-07
0.932000000000001 1e-07
0.933000000000001 1e-07
0.934000000000001 1e-07
0.935000000000001 1e-07
0.936000000000001 9.99999999999445e-08
0.937000000000001 5.55111512312578e-20
0.938000000000001 9.99999999999445e-08
0.939000000000001 5.55111512312578e-20
0.940000000000001 1e-07
0.941000000000001 1e-07
0.942000000000001 1e-07
0.943000000000001 1e-07
0.944000000000001 1e-07
0.945000000000001 1e-07
0.946000000000001 1e-07
0.947000000000001 1e-07
0.948000000000001 1e-07
0.949000000000001 1e-07
0.950000000000001 1e-07
0.951000000000001 1e-07
0.952000000000001 1e-07
0.953000000000001 9.99999999999445e-08
0.954000000000001 5.55111512312578e-20
0.955000000000001 1e-07
0.956000000000001 1e-07
0.957000000000001 1e-07
0.958000000000001 1e-07
0.959000000000001 1.00000000000056e-07
0.960000000000001 1.99999999999945e-07
0.961000000000001 9.99999999999445e-08
0.962000000000001 5.55111512312578e-20
0.963000000000001 1e-07
0.964000000000001 1e-07
0.965000000000001 1e-07
0.966000000000001 1e-07
0.967000000000001 1e-07
0.968000000000001 1e-07
0.969000000000001 1e-07
0.970000000000001 1e-07
0.971000000000001 1e-07
0.972000000000001 1e-07
0.973000000000001 1e-07
0.974000000000001 9.99999999999334e-08
0.975000000000001 6.66133814775094e-20
0.976000000000001 1e-07
0.977000000000001 1e-07
0.978000000000001 1e-07
0.979000000000001 9.99999999999334e-08
0.980000000000001 6.66133814775094e-20
0.981000000000001 1e-07
0.982000000000001 9.99999999999334e-08
0.985000000000001 6.66133814775094e-20
0.986000000000001 1e-07
0.987000000000001 9.99999999999334e-08
0.988000000000001 6.66133814775094e-20
0.989000000000001 9.99999999999334e-08
0.991000000000001 6.66133814775094e-20
0.992000000000001 9.99999999999334e-08
0.994000000000001 6.66133814775094e-20
0.995000000000001 9.99999999999334e-08
0.996000000000001 6.66133814775094e-20
0.997000000000001 9.99999999999334e-08
0.998000000000001 6.66133814775094e-20
0.999000000000001 9.99999999999334e-08
1.0 6.66133814775168e-20
1.001 1e-07
1.002 1e-07
1.003 1e-07
1.004 1e-07
1.005 9.99999999999778e-08
1.007 1e-07
1.008 2.22081450858237e-20
1.009 9.99999999999778e-08
1.01 4.44030552818465e-20
1.011 9.99999999999556e-08
1.012 6.66112003676702e-20
1.013 9.99999999999334e-08
1.014 1e-07
1.015 8.88193454534939e-20
1.016 9.9999999999889e-08
1.017 1e-07
1.018 1.3322240073534e-19
1.021 9.99999999998446e-08
1.022 1.77638690906988e-19
1.023 9.99999999998224e-08
1.024 1e-07
1.025 1.99833601103011e-19
1.03 9.99999999997336e-08
1.031 2.66458036360482e-19
1.034 9.99999999996892e-08
1.035 1e-07
1.036 1e-07
1.037 3.33069236728152e-19
1.038 9.99999999996448e-08
1.039 3.55277381813976e-19
1.047 9.9999999999556e-08
1.048 4.66291637463492e-19
1.05599999999999 9.99999999994449e-08
1.05699999999999 5.55110982916986e-19
1.06099999999999 9.99999999994005e-08
1.06199999999999 6.21722183284656e-19
1.06999999999999 9.99999999992895e-08
1.07099999999999 7.1054152873815e-19
1.07399999999999 9.99999999992451e-08
1.07499999999999 7.54957818909798e-19
1.07699999999999 9.99999999992229e-08
1.07799999999999 7.99360874191644e-19
1.08399999999999 9.99999999991341e-08
1.08499999999999 1e-07
1.08599999999999 8.88180219645138e-19
1.08799999999999 9.99999999990897e-08
1.08899999999999 9.10388364730962e-19
1.09499999999999 9.9999999999023e-08
1.09599999999999 1e-07
1.09699999999999 9.99194475294655e-19
1.09799999999999 9.99999999989786e-08
1.09899999999999 1e-07
1.09999999999999 1e-07
1.10099999999999 1.0436107654663e-18
1.10199999999999 9.99999999989342e-08
1.10299999999999 1e-07
1.10399999999999 1.08801382074815e-18
1.10499999999999 9.9999999998912e-08
1.10599999999999 1e-07
1.10699999999999 1e-07
1.10799999999999 1e-07
1.10899999999999 1e-07
1.10999999999999 1e-07
1.11099999999999 1e-07
1.11199999999999 1e-07
1.11299999999999 1e-07
1.11399999999999 1.99999999998801e-07
1.11499999999999 2.99999999998801e-07
1.11599999999999 2.00000000001221e-07
1.11699999999999 2e-07
1.11799999999999 2.99999999998757e-07
1.11899999999999 2.00000000001244e-07
1.11999999999999 2e-07
1.12099999999999 2e-07
1.12199999999999 2e-07
1.12299999999999 2.99999999998712e-07
1.12399999999999 3e-07
1.12499999999999 3e-07
1.12599999999999 3e-07
1.12699999999999 3e-07
1.12799999999999 3e-07
1.12899999999999 3e-07
1.12999999999999 3e-07
1.13099999999999 3e-07
1.13199999999999 3.99999999998601e-07
1.13299999999999 4e-07
1.13399999999999 4.99999999998601e-07
1.13499999999999 5e-07
1.13599999999999 4.00000000001443e-07
1.13699999999999 4e-07
1.13799999999999 4.99999999998557e-07
1.13899999999999 5e-07
1.13999999999999 5e-07
1.14099999999999 5e-07
1.14199999999999 5e-07
1.14299999999998 5e-07
1.14399999999998 5.99999999998468e-07
1.14499999999998 6e-07
1.14599999999998 6e-07
1.14699999999998 6e-07
1.14799999999998 6e-07
1.14899999999998 6e-07
1.14999999999998 6.99999999998424e-07
1.15099999999998 7.99999999998402e-07
1.15199999999998 7.00000000001621e-07
1.15299999999998 7.99999999998379e-07
1.15399999999998 8.99999999998379e-07
1.15499999999998 9e-07
1.15599999999998 9e-07
1.15699999999998 9.99999999998335e-07
1.15799999999998 1e-06
1.15899999999998 1e-06
1.15999999999998 1e-06
1.16099999999998 1e-06
1.16199999999998 1.09999999999829e-06
1.16299999999998 1.1e-06
1.16399999999998 1.19999999999825e-06
1.16499999999998 1.29999999999825e-06
1.16599999999998 1.3e-06
1.16699999999998 1.3e-06
1.16799999999998 1.3999999999982e-06
1.16899999999998 1.4999999999982e-06
1.16999999999998 1.4000000000018e-06
1.17099999999998 1.49999999999818e-06
1.17199999999998 1.59999999999818e-06
1.17299999999998 1.69999999999816e-06
1.17399999999998 1.7e-06
1.17499999999998 1.7e-06
1.17599999999998 1.79999999999814e-06
1.17699999999998 1.89999999999811e-06
1.17799999999998 1.9e-06
1.17899999999998 1.99999999999809e-06
1.17999999999998 2e-06
1.18099999999998 2.19999999999614e-06
1.18199999999998 2.2e-06
1.18299999999998 2.2e-06
1.18399999999998 2.29999999999805e-06
1.18499999999998 2.39999999999802e-06
1.18599999999998 2.49999999999802e-06
1.18699999999998 2.599999999998e-06
1.18799999999998 2.6e-06
1.18899999999998 2.79999999999596e-06
1.18999999999998 2.89999999999798e-06
1.19099999999998 2.9e-06
1.19199999999998 2.99999999999796e-06
1.19299999999998 3.19999999999587e-06
1.19399999999998 3.2e-06
1.19499999999998 3.29999999999791e-06
1.19599999999998 3.39999999999791e-06
1.19699999999998 3.49999999999789e-06
1.19799999999998 3.69999999999578e-06
1.19899999999998 3.89999999999574e-06
1.19999999999998 3.99999999999787e-06
