1.0 0.98
1.001 0.98001
1.002 0.98002
1.003 0.98003
1.004 0.98004
1.005 0.98005
1.006 0.98006
1.007 0.98007
1.008 0.98008
1.009 0.98009
1.01 0.9801
1.011 0.98011
1.012 0.98012
1.013 0.98013
1.014 0.98014
1.015 0.98015
1.016 0.98016
1.017 0.98017
1.018 0.98018
1.019 0.98019
1.02 0.9802
1.021 0.98021
1.022 0.98022
1.023 0.98023
1.024 0.98024
1.025 0.98025
1.026 0.98026
1.027 0.98027
1.028 0.98028
1.029 0.98029
1.03 0.9803
1.031 0.98031
1.032 0.98032
1.033 0.98033
1.034 0.98034
1.035 0.98035
1.036 0.98036
1.037 0.98037
1.038 0.98038
1.039 0.98039
1.04 0.9804
1.041 0.98041
1.042 0.98042
1.043 0.98043
1.044 0.98044
1.045 0.98045
1.046 0.98046
1.047 0.98047
1.048 0.98048
1.049 0.98049
1.05 0.9805
1.051 0.98051
1.05199999999999 0.98052
1.05299999999999 0.98053
1.05399999999999 0.98054
1.05499999999999 0.98055
1.05599999999999 0.98056
1.05699999999999 0.98057
1.05799999999999 0.98058
1.05899999999999 0.98059
1.05999999999999 0.9806
1.06099999999999 0.98061
1.06199999999999 0.98062
1.06299999999999 0.98063
1.06399999999999 0.98064
1.06499999999999 0.98065
1.06599999999999 0.98066
1.06699999999999 0.98067
1.06799999999999 0.98068
1.06899999999999 0.98069
1.06999999999999 0.9807
1.07099999999999 0.98071
1.07199999999999 0.98072
1.07299999999999 0.98073
1.07399999999999 0.98074
1.07499999999999 0.98075
1.07599999999999 0.98076
1.07699999999999 0.98077
1.07799999999999 0.98078
1.07899999999999 0.98079
1.07999999999999 0.9808
1.08099999999999 0.98081
1.08199999999999 0.98082
1.08299999999999 0.98083
1.08399999999999 0.98084
1.08499999999999 0.98085
1.08599999999999 0.98086
1.08699999999999 0.98087
1.08799999999999 0.98088
1.08899999999999 0.98089
1.08999999999999 0.9809
1.09099999999999 0.98091
1.09199999999999 0.98092
1.09299999999999 0.98093
1.09399999999999 0.98094
1.09499999999999 0.98095
1.09599999999999 0.98096
1.09699999999999 0.98097
1.09799999999999 0.98098
1.09899999999999 0.98099
1.09999999999999 0.981
1.10099999999999 0.98101
1.10199999999999 0.98102
1.10299999999999 0.98103
1.10399999999999 0.98104
1.10499999999999 0.98105
1.10599999999999 0.98106
1.10699999999999 0.98107
1.10799999999999 0.98108
1.10899999999999 0.98109
1.10999999999999 0.9811
1.11099999999999 0.98111
1.11199999999999 0.98112
1.11299999999999 0.98113
1.11399999999999 0.98114
1.11499999999999 0.98115
1.11599999999999 0.98116
1.11699999999999 0.98117
1.11799999999999 0.98118
1.11899999999999 0.98119
1.11999999999999 0.9812
1.12099999999999 0.98121
1.12199999999999 0.98122
1.12299999999999 0.98123
1.12399999999999 0.98124
1.12499999999999 0.98125
1.12599999999999 0.98126
1.12699999999999 0.98127
1.12799999999999 0.98128
1.12899999999999 0.98129
1.12999999999999 0.9813
1.13099999999999 0.98131
1.13199999999999 0.98132
1.13299999999999 0.98133
1.13399999999999 0.98134
1.13499999999999 0.98135
1.13599999999999 0.98136
1.13699999999999 0.98137
1.13799999999999 0.98138
1.13899999999999 0.98139
1.13999999999999 0.9814
1.14099999999999 0.98141
1.14199999999999 0.98142
1.14299999999998 0.98143
1.14399999999998 0.98144
1.14499999999998 0.98145
1.14599999999998 0.98146
1.14699999999998 0.98147
1.14799999999998 0.98148
1.14899999999998 0.98149
1.14999999999998 0.9815
1.15099999999998 0.98151
1.15199999999998 0.98152
1.15299999999998 0.98153
1.15399999999998 0.98154
1.15499999999998 0.98155
1.15599999999998 0.98156
1.15699999999998 0.98157
1.15799999999998 0.98158
1.15899999999998 0.98159
1.15999999999998 0.9816
1.16099999999998 0.98161
1.16199999999998 0.98162
1.16299999999998 0.98163
1.16399999999998 0.98164
1.16499999999998 0.98165
1.16599999999998 0.98166
1.16699999999998 0.98167
1.16799999999998 0.98168
1.16899999999998 0.98169
1.16999999999998 0.9817
1.17099999999998 0.98171
1.17199999999998 0.98172
1.17299999999998 0.98173
1.17399999999998 0.98174
1.17499999999998 0.98175
1.17599999999998 0.98176
1.17699999999998 0.98177
1.17799999999998 0.98178
1.17899999999998 0.98179
1.17999999999998 0.9818
1.18099999999998 0.98181
1.18199999999998 0.98182
1.18299999999998 0.98183
1.18399999999998 0.98184
1.18499999999998 0.98185
1.18599999999998 0.98186
1.18699999999998 0.98187
1.18799999999998 0.98188
1.18899999999998 0.98189
1.18999999999998 0.9819
1.19099999999998 0.98191
1.19199999999998 0.98192
1.19299999999998 0.98193
1.19399999999998 0.98194
1.19499999999998 0.98195
1.19599999999998 0.98196
1.19699999999998 0.98197
1.19799999999998 0.98198
1.19899999999998 0.98199
1.19999999999998 0.982
1.20099999999998 0.98201
1.20199999999998 0.98202
1.20299999999998 0.98203
1.20399999999998 0.98204
1.20499999999998 0.98205
1.20599999999998 0.98206
1.20699999999998 0.98207
1.20799999999998 0.98208
1.20899999999998 0.98209
1.20999999999998 0.9821
1.21099999999998 0.98211
1.21199999999998 0.98212
1.21299999999998 0.98213
1.21399999999998 0.98214
1.21499999999998 0.98215
1.21599999999998 0.98216
1.21699999999998 0.98217
1.21799999999998 0.98218
1.21899999999998 0.98219
1.21999999999998 0.9822
1.22099999999998 0.98221
1.22199999999998 0.98222
1.22299999999998 0.98223
1.22399999999998 0.98224
1.22499999999998 0.98225
1.22599999999998 0.98226
1.22699999999998 0.98227
1.22799999999998 0.98228
1.22899999999998 0.98229
1.22999999999998 0.9823
1.23099999999998 0.98231
1.23199999999998 0.98232
1.23299999999998 0.98233
1.23399999999997 0.98234
1.23499999999997 0.98235
1.23599999999997 0.98236
1.23699999999997 0.98237
1.23799999999997 0.98238
1.23899999999997 0.98239
1.23999999999997 0.9824
1.24099999999997 0.98241
1.24199999999997 0.98242
1.24299999999997 0.98243
1.24399999999997 0.98244
1.24499999999997 0.98245
1.24599999999997 0.98246
1.24699999999997 0.98247
1.24799999999997 0.98248
1.24899999999997 0.98249
1.24999999999997 0.9825
1.25099999999997 0.98251
1.25199999999997 0.98252
1.25299999999997 0.98253
1.25399999999997 0.98254
1.25499999999997 0.98255
1.25599999999997 0.98256
1.25699999999997 0.98257
1.25799999999997 0.98258
1.25899999999997 0.98259
1.25999999999997 0.9826
1.26099999999997 0.98261
1.26199999999997 0.98262
1.26299999999997 0.98263
1.26399999999997 0.98264
1.26499999999997 0.98265
1.26599999999997 0.98266
1.26699999999997 0.98267
1.26799999999997 0.98268
1.26899999999997 0.98269
1.26999999999997 0.9827
1.27099999999997 0.98271
1.27199999999997 0.98272
1.27299999999997 0.98273
1.27399999999997 0.98274
1.27499999999997 0.98275
1.27599999999997 0.98276
1.27699999999997 0.98277
1.27799999999997 0.98278
1.27899999999997 0.98279
1.27999999999997 0.9828
1.28099999999997 0.98281
1.28199999999997 0.98282
1.28299999999997 0.98283
1.28399999999997 0.98284
1.28499999999997 0.98285
1.28599999999997 0.98286
1.28699999999997 0.98287
1.28799999999997 0.98288
1.28899999999997 0.98289
1.28999999999997 0.9829
1.29099999999997 0.98291
1.29199999999997 0.98292
1.29299999999997 0.98293
1.29399999999997 0.98294
1.29499999999997 0.98295
1.29599999999997 0.98296
1.29699999999997 0.98297
1.29799999999997 0.98298
1.29899999999997 0.98299
1.29999999999997 0.983
1.30099999999997 0.98301
1.30199999999997 0.98302
1.30299999999997 0.98303
1.30399999999997 0.98304
1.30499999999997 0.98305
1.30599999999997 0.98306
1.30699999999997 0.98307
1.30799999999997 0.98308
1.30899999999997 0.98309
1.30999999999997 0.9831
1.31099999999997 0.98311
1.31199999999997 0.98312
1.31299999999997 0.98313
1.31399999999997 0.98314
1.31499999999997 0.98315
1.31599999999997 0.98316
1.31699999999997 0.98317
1.31799999999997 0.98318
1.31899999999997 0.98319
1.31999999999997 0.9832
1.32099999999997 0.98321
1.32199999999997 0.98322
1.32299999999997 0.98323
1.32399999999996 0.98324
1.32499999999996 0.98325
1.32599999999996 0.98326
1.32699999999996 0.98327
1.32799999999996 0.98328
1.32899999999996 0.98329
1.32999999999996 0.9833
1.33099999999996 0.98331
1.33199999999996 0.98332
1.33299999999996 0.98333
1.33399999999996 0.98334
1.33499999999996 0.98335
1.33599999999996 0.98336
1.33699999999996 0.98337
1.33799999999996 0.98338
1.33899999999996 0.98339
1.33999999999996 0.9834
1.34099999999996 0.98341
1.34199999999996 0.98342
1.34299999999996 0.98343
1.34399999999996 0.98344
1.34499999999996 0.98345
1.34599999999996 0.98346
1.34699999999996 0.98347
1.34799999999996 0.98348
1.34899999999996 0.98349
1.34999999999996 0.9835
1.35099999999996 0.98351
1.35199999999996 0.98352
1.35299999999996 0.98353
1.35399999999996 0.98354
1.35499999999996 0.98355
1.35599999999996 0.98356
1.35699999999996 0.98357
1.35799999999996 0.98358
1.35899999999996 0.98359
1.35999999999996 0.9836
1.36099999999996 0.98361
1.36199999999996 0.98362
1.36299999999996 0.98363
1.36399999999996 0.98364
1.36499999999996 0.98365
1.36599999999996 0.98366
1.36699999999996 0.98367
1.36799999999996 0.98368
1.36899999999996 0.98369
1.36999999999996 0.9837
1.37099999999996 0.98371
1.37199999999996 0.98372
1.37299999999996 0.98373
1.37399999999996 0.98374
1.37499999999996 0.98375
1.37599999999996 0.98376
1.37699999999996 0.98377
1.37799999999996 0.98378
1.37899999999996 0.98379
1.37999999999996 0.9838
1.38099999999996 0.98381
1.38199999999996 0.98382
1.38299999999996 0.98383
1.38399999999996 0.98384
1.38499999999996 0.98385
1.38599999999996 0.98386
1.38699999999996 0.98387
1.38799999999996 0.98388
1.38899999999996 0.98389
1.38999999999996 0.9839
1.39099999999996 0.98391
1.39199999999996 0.98392
1.39299999999996 0.98393
1.39399999999996 0.98394
1.39499999999996 0.98395
1.39599999999996 0.98396
1.39699999999996 0.98397
1.39799999999996 0.98398
1.39899999999996 0.98399
1.39999999999996 0.984
1.40099999999996 0.984009999999999
1.40199999999996 0.98402
1.40299999999996 0.98403
1.40399999999996 0.98404
1.40499999999996 0.98405
1.40599999999996 0.984059999999999
1.40699999999996 0.98407
1.40799999999996 0.98408
1.40899999999996 0.98409
1.40999999999996 0.9841
1.41099999999996 0.984109999999999
1.41199999999996 0.98412
1.41299999999996 0.98413
1.41399999999996 0.98414
1.41499999999995 0.98415
1.41599999999995 0.984159999999999
1.41699999999995 0.98417
1.41799999999995 0.984179999999999
1.41899999999995 0.98419
1.41999999999995 0.9842
1.42099999999995 0.984209999999999
1.42199999999995 0.98422
1.42299999999995 0.984229999999999
1.42399999999995 0.98424
1.42499999999995 0.98425
1.42599999999995 0.984259999999999
1.42699999999995 0.98427
1.42799999999995 0.984279999999999
1.42899999999995 0.98429
1.42999999999995 0.9843
1.43099999999995 0.984309999999999
1.43199999999995 0.98432
1.43299999999995 0.984329999999999
1.43399999999995 0.98434
1.43499999999995 0.98435
1.43599999999995 0.984359999999999
1.43699999999995 0.98437
1.43799999999995 0.984379999999999
1.43899999999995 0.98439
1.43999999999995 0.984399999999999
1.44099999999995 0.984409999999999
1.44199999999995 0.98442
1.44299999999995 0.984429999999999
1.44399999999995 0.98444
1.44499999999995 0.984449999999999
1.44599999999995 0.984459999999999
1.44699999999995 0.98447
1.44799999999995 0.984479999999999
1.44899999999995 0.98449
1.44999999999995 0.984499999999999
1.45099999999995 0.984509999999999
1.45199999999995 0.98452
1.45299999999995 0.984529999999999
1.45399999999995 0.98454
1.45499999999995 0.984549999999999
1.45599999999995 0.984559999999999
1.45699999999995 0.98457
1.45799999999995 0.984579999999999
1.45899999999995 0.98459
1.45999999999995 0.984599999999999
1.46099999999995 0.98461
1.46199999999995 0.984619999999999
1.46299999999995 0.984629999999999
1.46399999999995 0.98464
1.46499999999995 0.984649999999999
1.46599999999995 0.984659999999999
1.46699999999995 0.984669999999999
1.46799999999995 0.984679999999999
1.46899999999995 0.98469
1.46999999999995 0.984699999999999
1.47099999999995 0.98471
1.47199999999995 0.984719999999999
1.47299999999995 0.984729999999999
1.47399999999995 0.98474
1.47499999999995 0.984749999999999
1.47599999999995 0.984759999999999
1.47699999999995 0.984769999999999
1.47799999999995 0.984779999999999
1.47899999999995 0.984789999999999
1.47999999999995 0.984799999999999
1.48099999999995 0.98481
1.48199999999995 0.984819999999999
1.48299999999995 0.984829999999999
1.48399999999995 0.984839999999999
1.48499999999995 0.984849999999999
1.48599999999995 0.984859999999999
1.48699999999995 0.984869999999999
1.48799999999995 0.984879999999999
1.48899999999995 0.984889999999999
1.48999999999995 0.984899999999999
1.49099999999995 0.98491
1.49199999999995 0.984919999999999
1.49299999999995 0.984929999999999
1.49399999999995 0.984939999999999
1.49499999999995 0.984949999999999
1.49599999999995 0.984959999999999
1.49699999999995 0.984969999999999
1.49799999999995 0.984979999999999
1.49899999999995 0.984989999999999
1.49999999999995 0.984999999999999
1.50099999999995 0.985009999999999
1.50199999999995 0.985019999999999
1.50299999999995 0.985029999999999
1.50399999999995 0.985039999999999
1.50499999999995 0.985049999999999
1.50599999999994 0.985059999999999
1.50699999999994 0.985069999999999
1.50799999999994 0.985079999999999
1.50899999999994 0.985089999999999
1.50999999999994 0.985099999999999
1.51099999999994 0.985109999999999
1.51199999999994 0.985119999999999
1.51299999999994 0.985129999999999
1.51399999999994 0.985139999999999
1.51499999999994 0.985149999999999
1.51599999999994 0.985159999999999
1.51699999999994 0.985169999999999
1.51799999999994 0.985179999999999
1.51899999999994 0.985189999999999
1.51999999999994 0.985199999999999
1.52099999999994 0.985209999999999
1.52199999999994 0.985219999999999
1.52299999999994 0.985229999999999
1.52399999999994 0.985239999999999
1.52499999999994 0.985249999999999
1.52599999999994 0.985259999999999
1.52699999999994 0.985269999999999
1.52799999999994 0.985279999999999
1.52899999999994 0.985289999999999
1.52999999999994 0.985299999999999
1.53099999999994 0.985309999999999
1.53199999999994 0.985319999999999
1.53299999999994 0.985329999999999
1.53399999999994 0.985339999999999
1.53499999999994 0.985349999999999
1.53599999999994 0.985359999999999
1.53699999999994 0.985369999999999
1.53799999999994 0.985379999999999
1.53899999999994 0.985389999999999
1.53999999999994 0.985399999999999
1.54099999999994 0.985409999999999
1.54199999999994 0.985419999999999
1.54299999999994 0.985429999999999
1.54399999999994 0.985439999999999
1.54499999999994 0.985449999999999
1.54599999999994 0.985459999999999
1.54699999999994 0.985469999999999
1.54799999999994 0.985479999999999
1.54899999999994 0.985489999999999
1.54999999999994 0.985499999999999
1.55099999999994 0.985509999999999
1.55199999999994 0.985519999999999
1.55299999999994 0.985529999999999
1.55399999999994 0.985539999999999
1.55499999999994 0.985549999999999
1.55599999999994 0.985559999999999
1.55699999999994 0.985569999999999
1.55799999999994 0.985579999999999
1.55899999999994 0.985589999999999
1.55999999999994 0.985599999999999
1.56099999999994 0.985609999999999
1.56199999999994 0.985619999999999
1.56299999999994 0.985629999999999
1.56399999999994 0.985639999999999
1.56499999999994 0.985649999999999
1.56599999999994 0.985659999999999
1.56699999999994 0.985669999999999
1.56799999999994 0.985679999999999
1.56899999999994 0.985689999999999
1.56999999999994 0.985699999999999
1.57099999999994 0.985709999999999
1.57199999999994 0.985719999999999
1.57299999999994 0.985729999999999
1.57399999999994 0.985739999999999
1.57499999999994 0.985749999999999
1.57599999999994 0.985759999999999
1.57699999999994 0.985769999999999
1.57799999999994 0.985779999999999
1.57899999999994 0.985789999999999
1.57999999999994 0.985799999999999
1.58099999999994 0.985809999999999
1.58199999999994 0.985819999999999
1.58299999999994 0.985829999999999
1.58399999999994 0.985839999999999
1.58499999999994 0.985849999999999
1.58599999999994 0.985859999999999
1.58699999999994 0.985869999999999
1.58799999999994 0.985879999999999
1.58899999999994 0.985889999999999
1.58999999999994 0.985899999999999
1.59099999999994 0.985909999999999
1.59199999999994 0.985919999999999
1.59299999999994 0.985929999999999
1.59399999999994 0.985939999999999
1.59499999999994 0.985949999999999
1.59599999999994 0.985959999999999
1.59699999999993 0.985969999999999
1.59799999999993 0.985979999999999
1.59899999999993 0.985989999999999
1.59999999999993 0.985999999999999
1.60099999999993 0.986009999999999
1.60199999999993 0.986019999999999
1.60299999999993 0.986029999999999
1.60399999999993 0.986039999999999
1.60499999999993 0.986049999999999
1.60599999999993 0.986059999999999
1.60699999999993 0.986069999999999
1.60799999999993 0.986079999999999
1.60899999999993 0.986089999999999
1.60999999999993 0.986099999999999
1.61099999999993 0.986109999999999
1.61199999999993 0.986119999999999
1.61299999999993 0.986129999999999
1.61399999999993 0.986139999999999
1.61499999999993 0.986149999999999
1.61599999999993 0.986159999999999
1.61699999999993 0.986169999999999
1.61799999999993 0.986179999999999
1.61899999999993 0.986189999999999
1.61999999999993 0.986199999999999
1.62099999999993 0.986209999999999
1.62199999999993 0.986219999999999
1.62299999999993 0.986229999999999
1.62399999999993 0.986239999999999
1.62499999999993 0.986249999999999
1.62599999999993 0.986259999999999
1.62699999999993 0.986269999999999
1.62799999999993 0.986279999999999
1.62899999999993 0.986289999999999
1.62999999999993 0.986299999999999
1.63099999999993 0.986309999999999
1.63199999999993 0.986319999999999
1.63299999999993 0.986329999999999
1.63399999999993 0.986339999999999
1.63499999999993 0.986349999999999
1.63599999999993 0.986359999999999
1.63699999999993 0.986369999999999
1.63799999999993 0.986379999999999
1.63899999999993 0.986389999999999
1.63999999999993 0.986399999999999
1.64099999999993 0.986409999999999
1.64199999999993 0.986419999999999
1.64299999999993 0.986429999999999
1.64399999999993 0.986439999999999
1.64499999999993 0.986449999999999
1.64599999999993 0.986459999999999
1.64699999999993 0.986469999999999
1.64799999999993 0.986479999999999
1.64899999999993 0.986489999999999
1.64999999999993 0.986499999999999
1.65099999999993 0.986509999999999
1.65199999999993 0.986519999999999
1.65299999999993 0.986529999999999
1.65399999999993 0.986539999999999
1.65499999999993 0.986549999999999
1.65599999999993 0.986559999999999
1.65699999999993 0.986569999999999
1.65799999999993 0.986579999999999
1.65899999999993 0.986589999999999
1.65999999999993 0.986599999999999
1.66099999999993 0.986609999999999
1.66199999999993 0.986619999999999
1.66299999999993 0.986629999999999
1.66399999999993 0.986639999999999
1.66499999999993 0.986649999999999
1.66599999999993 0.986659999999999
1.66699999999993 0.986669999999999
1.66799999999993 0.986679999999999
1.66899999999993 0.986689999999999
1.66999999999993 0.986699999999999
1.67099999999993 0.986709999999999
1.67199999999993 0.986719999999999
1.67299999999993 0.986729999999999
1.67399999999993 0.986739999999999
1.67499999999993 0.986749999999999
1.67599999999993 0.986759999999999
1.67699999999993 0.986769999999999
1.67799999999993 0.986779999999999
1.67899999999993 0.986789999999999
1.67999999999993 0.986799999999999
1.68099999999993 0.986809999999999
1.68199999999993 0.986819999999999
1.68299999999993 0.986829999999999
1.68399999999993 0.986839999999999
1.68499999999993 0.986849999999999
1.68599999999993 0.986859999999999
1.68699999999993 0.986869999999999
1.68799999999992 0.986879999999999
1.68899999999992 0.986889999999999
1.68999999999992 0.986899999999999
1.69099999999992 0.986909999999999
1.69199999999992 0.986919999999999
1.69299999999992 0.986929999999999
1.69399999999992 0.986939999999999
1.69499999999992 0.986949999999999
1.69599999999992 0.986959999999999
1.69699999999992 0.986969999999999
1.69799999999992 0.986979999999999
1.69899999999992 0.986989999999999
1.69999999999992 0.986999999999999
1.70099999999992 0.987009999999999
1.70199999999992 0.987019999999999
1.70299999999992 0.987029999999999
1.70399999999992 0.987039999999999
1.70499999999992 0.987049999999999
1.70599999999992 0.987059999999999
1.70699999999992 0.987069999999999
1.70799999999992 0.987079999999999
1.70899999999992 0.987089999999999
1.70999999999992 0.987099999999999
1.71099999999992 0.987109999999999
1.71199999999992 0.987119999999999
1.71299999999992 0.987129999999999
1.71399999999992 0.987139999999999
1.71499999999992 0.987149999999999
1.71599999999992 0.987159999999999
1.71699999999992 0.987169999999999
1.71799999999992 0.987179999999999
1.71899999999992 0.987189999999999
1.71999999999992 0.987199999999999
1.72099999999992 0.987209999999999
1.72199999999992 0.987219999999999
1.72299999999992 0.987229999999999
1.72399999999992 0.987239999999999
1.72499999999992 0.987249999999999
1.72599999999992 0.987259999999999
1.72699999999992 0.987269999999999
1.72799999999992 0.987279999999999
1.72899999999992 0.987289999999999
1.72999999999992 0.987299999999999
1.73099999999992 0.987309999999999
1.73199999999992 0.987319999999999
1.73299999999992 0.987329999999999
1.73399999999992 0.987339999999999
1.73499999999992 0.987349999999999
1.73599999999992 0.987359999999999
1.73699999999992 0.987369999999999
1.73799999999992 0.987379999999999
1.73899999999992 0.987389999999999
1.73999999999992 0.987399999999999
1.74099999999992 0.987409999999999
1.74199999999992 0.987419999999999
1.74299999999992 0.987429999999999
1.74399999999992 0.987439999999999
1.74499999999992 0.987449999999999
1.74599999999992 0.987459999999999
1.74699999999992 0.987469999999999
1.74799999999992 0.987479999999999
1.74899999999992 0.987489999999999
1.74999999999992 0.987499999999999
1.75099999999992 0.987509999999999
1.75199999999992 0.987519999999999
1.75299999999992 0.987529999999999
1.75399999999992 0.987539999999999
1.75499999999992 0.987549999999999
1.75599999999992 0.987559999999999
1.75699999999992 0.987569999999999
1.75799999999992 0.987579999999999
1.75899999999992 0.987589999999999
1.75999999999992 0.987599999999999
1.76099999999992 0.987609999999999
1.76199999999992 0.987619999999999
1.76299999999992 0.987629999999999
1.76399999999992 0.987639999999999
1.76499999999992 0.987649999999999
1.76599999999992 0.987659999999999
1.76699999999992 0.987669999999999
1.76799999999992 0.987679999999999
1.76899999999992 0.987689999999999
1.76999999999992 0.987699999999999
1.77099999999992 0.987709999999999
1.77199999999992 0.987719999999999
1.77299999999992 0.987729999999999
1.77399999999992 0.987739999999999
1.77499999999992 0.987749999999999
1.77599999999992 0.987759999999999
1.77699999999992 0.987769999999999
1.77799999999991 0.987779999999999
1.77899999999991 0.987789999999999
1.77999999999991 0.987799999999999
1.78099999999991 0.987809999999999
1.78199999999991 0.987819999999999
1.78299999999991 0.987829999999999
1.78399999999991 0.987839999999999
1.78499999999991 0.987849999999999
1.78599999999991 0.987859999999999
1.78699999999991 0.987869999999999
1.78799999999991 0.987879999999999
1.78899999999991 0.987889999999999
1.78999999999991 0.987899999999999
1.79099999999991 0.987909999999999
1.79199999999991 0.987919999999999
1.79299999999991 0.987929999999999
1.79399999999991 0.987939999999999
1.79499999999991 0.987949999999999
1.79599999999991 0.987959999999999
1.79699999999991 0.987969999999999
1.79799999999991 0.987979999999999
1.79899999999991 0.987989999999999
1.79999999999991 0.987999999999999
1.80099999999991 0.988009999999999
1.80199999999991 0.988019999999999
1.80299999999991 0.988029999999999
1.80399999999991 0.988039999999999
1.80499999999991 0.988049999999999
1.80599999999991 0.988059999999999
1.80699999999991 0.988069999999999
1.80799999999991 0.988079999999999
1.80899999999991 0.988089999999999
1.80999999999991 0.988099999999999
1.81099999999991 0.988109999999999
1.81199999999991 0.988119999999999
1.81299999999991 0.988129999999999
1.81399999999991 0.988139999999999
1.81499999999991 0.988149999999999
1.81599999999991 0.988159999999999
1.81699999999991 0.988169999999999
1.81799999999991 0.988179999999999
1.81899999999991 0.988189999999999
1.81999999999991 0.988199999999999
1.82099999999991 0.988209999999999
1.82199999999991 0.988219999999999
1.82299999999991 0.988229999999999
1.82399999999991 0.988239999999999
1.82499999999991 0.988249999999999
1.82599999999991 0.988259999999999
1.82699999999991 0.988269999999999
1.82799999999991 0.988279999999999
1.82899999999991 0.988289999999999
1.82999999999991 0.988299999999999
1.83099999999991 0.988309999999999
1.83199999999991 0.988319999999999
1.83299999999991 0.988329999999999
1.83399999999991 0.988339999999999
1.83499999999991 0.988349999999999
1.83599999999991 0.988359999999999
1.83699999999991 0.988369999999999
1.83799999999991 0.988379999999999
1.83899999999991 0.988389999999999
1.83999999999991 0.988399999999999
1.84099999999991 0.988409999999999
1.84199999999991 0.988419999999999
1.84299999999991 0.988429999999999
1.84399999999991 0.988439999999999
1.84499999999991 0.988449999999999
1.84599999999991 0.988459999999999
1.84699999999991 0.988469999999999
1.84799999999991 0.988479999999999
1.84899999999991 0.988489999999999
1.84999999999991 0.988499999999999
1.85099999999991 0.988509999999999
1.85199999999991 0.988519999999999
1.85299999999991 0.988529999999999
1.85399999999991 0.988539999999999
1.85499999999991 0.988549999999999
1.85599999999991 0.988559999999999
1.85699999999991 0.988569999999999
1.85799999999991 0.988579999999999
1.85899999999991 0.988589999999999
1.85999999999991 0.988599999999999
1.86099999999991 0.988609999999999
1.86199999999991 0.988619999999999
1.86299999999991 0.988629999999999
1.86399999999991 0.988639999999999
1.86499999999991 0.988649999999999
1.86599999999991 0.988659999999999
1.86699999999991 0.988669999999999
1.86799999999991 0.988679999999999
1.8689999999999 0.988689999999999
1.8699999999999 0.988699999999999
1.8709999999999 0.988709999999999
1.8719999999999 0.988719999999999
1.8729999999999 0.988729999999999
1.8739999999999 0.988739999999999
1.8749999999999 0.988749999999999
1.8759999999999 0.988759999999999
1.8769999999999 0.988769999999999
1.8779999999999 0.988779999999999
1.8789999999999 0.988789999999999
1.8799999999999 0.988799999999999
1.8809999999999 0.988809999999999
1.8819999999999 0.988819999999999
1.8829999999999 0.988829999999999
1.8839999999999 0.988839999999999
1.8849999999999 0.988849999999999
1.8859999999999 0.988859999999999
1.8869999999999 0.988869999999999
1.8879999999999 0.988879999999999
1.8889999999999 0.988889999999999
1.8899999999999 0.988899999999999
1.8909999999999 0.988909999999999
1.8919999999999 0.988919999999999
1.8929999999999 0.988929999999999
1.8939999999999 0.988939999999999
1.8949999999999 0.988949999999999
1.8959999999999 0.988959999999999
1.8969999999999 0.988969999999999
1.8979999999999 0.988979999999999
1.8989999999999 0.988989999999999
1.8999999999999 0.988999999999999
1.9009999999999 0.989009999999999
1.9019999999999 0.989019999999999
1.9029999999999 0.989029999999999
1.9039999999999 0.989039999999999
1.9049999999999 0.989049999999999
1.9059999999999 0.989059999999999
1.9069999999999 0.989069999999999
1.9079999999999 0.989079999999999
1.9089999999999 0.989089999999999
1.9099999999999 0.989099999999999
1.9109999999999 0.989109999999999
1.9119999999999 0.989119999999999
1.9129999999999 0.989129999999999
1.9139999999999 0.989139999999999
1.9149999999999 0.989149999999999
1.9159999999999 0.989159999999999
1.9169999999999 0.989169999999999
1.9179999999999 0.989179999999999
1.9189999999999 0.989189999999999
1.9199999999999 0.989199999999999
1.9209999999999 0.989209999999999
1.9219999999999 0.989219999999999
1.9229999999999 0.989229999999999
1.9239999999999 0.989239999999999
1.9249999999999 0.989249999999999
1.9259999999999 0.989259999999999
1.9269999999999 0.989269999999999
1.9279999999999 0.989279999999999
1.9289999999999 0.989289999999999
1.9299999999999 0.989299999999999
1.9309999999999 0.989309999999999
1.9319999999999 0.989319999999999
1.9329999999999 0.989329999999999
1.9339999999999 0.989339999999999
1.9349999999999 0.989349999999999
1.9359999999999 0.989359999999999
1.9369999999999 0.989369999999999
1.9379999999999 0.989379999999999
1.9389999999999 0.989389999999999
1.9399999999999 0.989399999999999
1.9409999999999 0.989409999999999
1.9419999999999 0.989419999999999
1.9429999999999 0.989429999999999
1.9439999999999 0.989439999999999
1.9449999999999 0.989449999999999
1.9459999999999 0.989459999999999
1.9469999999999 0.989469999999999
1.9479999999999 0.989479999999999
1.9489999999999 0.989489999999999
1.9499999999999 0.989499999999999
1.9509999999999 0.989509999999999
1.9519999999999 0.989519999999999
1.9529999999999 0.989529999999999
1.9539999999999 0.989539999999999
1.9549999999999 0.989549999999999
1.9559999999999 0.989559999999999
1.9569999999999 0.989569999999999
1.9579999999999 0.989579999999999
1.9589999999999 0.989589999999999
1.95999999999989 0.989599999999999
1.96099999999989 0.989609999999999
1.96199999999989 0.989619999999999
1.96299999999989 0.989629999999999
1.96399999999989 0.989639999999999
1.96499999999989 0.989649999999999
1.96599999999989 0.989659999999999
1.96699999999989 0.989669999999999
1.96799999999989 0.989679999999999
1.96899999999989 0.989689999999999
1.96999999999989 0.989699999999999
1.97099999999989 0.989709999999999
1.97199999999989 0.989719999999999
1.97299999999989 0.989729999999999
1.97399999999989 0.989739999999999
1.97499999999989 0.989749999999999
1.97599999999989 0.989759999999999
1.97699999999989 0.989769999999999
1.97799999999989 0.989779999999999
1.97899999999989 0.989789999999999
1.97999999999989 0.989799999999999
1.98099999999989 0.989809999999999
1.98199999999989 0.989819999999999
1.98299999999989 0.989829999999999
1.98399999999989 0.989839999999999
1.98499999999989 0.989849999999999
1.98599999999989 0.989859999999999
1.98699999999989 0.989869999999999
1.98799999999989 0.989879999999999
1.98899999999989 0.989889999999999
1.98999999999989 0.989899999999999
1.99099999999989 0.989909999999999
1.99199999999989 0.989919999999999
1.99299999999989 0.989929999999999
1.99399999999989 0.989939999999999
1.99499999999989 0.989949999999999
1.99599999999989 0.989959999999999
1.99699999999989 0.989969999999999
1.99799999999989 0.989979999999999
1.99899999999989 0.989989999999999
1.99999999999989 0.989999999999999
