0.8 0.5
0.801 0.5
0.802 0.5
0.803 0.5
0.804 0.5
0.805 0.5
0.806 0.5
0.807 0.5
0.808 0.5
0.809 0.5
0.81 0.5
0.811 0.5
0.812 0.5
0.813000000000001 0.5
0.814000000000001 0.5
0.815000000000001 0.5
0.816000000000001 0.5
0.817000000000001 0.5
0.818000000000001 0.5
0.819000000000001 0.5
0.820000000000001 0.5
0.821000000000001 0.5
0.822000000000001 0.5
0.823000000000001 0.5
0.824000000000001 0.5
0.825000000000001 0.5
0.826000000000001 0.5
0.827000000000001 0.5
0.828000000000001 0.5
0.829000000000001 0.5
0.830000000000001 0.5
0.831000000000001 0.5
0.832000000000001 0.5
0.833000000000001 0.5
0.834000000000001 0.5
0.835000000000001 0.5
0.836000000000001 0.5
0.837000000000001 0.5
0.838000000000001 0.5
0.839000000000001 0.5
0.840000000000001 0.5
0.841000000000001 0.5
0.842000000000001 0.5
0.843000000000001 0.5
0.844000000000001 0.5
0.845000000000001 0.5
0.846000000000001 0.5
0.847000000000001 0.5
0.848000000000001 0.5
0.849000000000001 0.5
0.850000000000001 0.5
0.851000000000001 0.5
0.852000000000001 0.5
0.853000000000001 0.5
0.854000000000001 0.5
0.855000000000001 0.5
0.856000000000001 0.5
0.857000000000001 0.5
0.858000000000001 0.5
0.859000000000001 0.5
0.860000000000001 0.5
0.861000000000001 0.5
0.862000000000001 0.5
0.863000000000001 0.5
0.864000000000001 0.5
0.865000000000001 0.5
0.866000000000001 0.5
0.867000000000001 0.5
0.868000000000001 0.5
0.869000000000001 0.5
0.870000000000001 0.5
0.871000000000001 0.5
0.872000000000001 0.5
0.873000000000001 0.5
0.874000000000001 0.5
0.875000000000001 0.5
0.876000000000001 0.5
0.877000000000001 0.5
0.878000000000001 0.5
0.879000000000001 0.5
0.880000000000001 0.5
0.881000000000001 0.5
0.882000000000001 0.5
0.883000000000001 0.5
0.884000000000001 0.5
0.885000000000001 0.5
0.886000000000001 0.5
0.887000000000001 0.5
0.888000000000001 0.5
0.889000000000001 0.5
0.890000000000001 0.5
0.891000000000001 0.5
0.892000000000001 0.5
0.893000000000001 0.5
0.894000000000001 0.5
0.895000000000001 0.5
0.896000000000001 0.5
0.897000000000001 0.5
0.898000000000001 0.5
0.899000000000001 0.5
0.900000000000001 0.5
0.901000000000001 0.5
0.902000000000001 0.5
0.903000000000001 0.5
0.904000000000001 0.5
0.905000000000001 0.5
0.906000000000001 0.5
0.907000000000001 0.5
0.908000000000001 0.5
0.909000000000001 0.5
0.910000000000001 0.5
0.911000000000001 0.5
0.912000000000001 0.5
0.913000000000001 0.5
0.914000000000001 0.5
0.915000000000001 0.5
0.916000000000001 0.5
0.917000000000001 0.5
0.918000000000001 0.5
0.919000000000001 0.5
0.920000000000001 0.5
0.921000000000001 0.5
0.922000000000001 0.5
0.923000000000001 0.5
0.924000000000001 0.5
0.925000000000001 0.5
0.926000000000001 0.5
0.927000000000001 0.5
0.928000000000001 0.5
0.929000000000001 0.5
0.930000000000001 0.5
0.931000000000001 0.5
0.932000000000001 0.5
0.933000000000001 0.5
0.934000000000001 0.5
0.935000000000001 0.5
0.936000000000001 0.5
0.937000000000001 0.5
0.938000000000001 0.5
0.939000000000001 0.5
0.940000000000001 0.5
0.941000000000001 0.5
0.942000000000001 0.5
0.943000000000001 0.5
0.944000000000001 0.5
0.945000000000001 0.5
0.946000000000001 0.5
0.947000000000001 0.5
0.948000000000001 0.5
0.949000000000001 0.5
0.950000000000001 0.5
0.951000000000001 0.5
0.952000000000001 0.5
0.953000000000001 0.5
0.954000000000001 0.5
0.955000000000001 0.5
0.956000000000001 0.5
0.957000000000001 0.5
0.958000000000001 0.5
0.959000000000001 0.5
0.960000000000001 0.5
0.961000000000001 0.5
0.962000000000001 0.5
0.963000000000001 0.5
0.964000000000001 0.5
0.965000000000001 0.5
0.966000000000001 0.5
0.967000000000001 0.5
0.968000000000001 0.5
0.969000000000001 0.5
0.970000000000001 0.5
0.971000000000001 0.5
0.972000000000001 0.5
0.973000000000001 0.5
0.974000000000001 0.5
0.975000000000001 0.5
0.976000000000001 0.5
0.977000000000001 0.5
0.978000000000001 0.5
0.979000000000001 0.5
0.980000000000001 0.5
0.981000000000001 0.5
0.982000000000001 0.5
0.983000000000001 0.5
0.984000000000001 0.5
0.985000000000001 0.5
0.986000000000001 0.5
0.987000000000001 0.5
0.988000000000001 0.5
0.989000000000001 0.5
0.990000000000001 0.5
0.991000000000001 0.5
0.992000000000001 0.5
0.993000000000001 0.5
0.994000000000001 0.5
0.995000000000001 0.5
0.996000000000001 0.5
0.997000000000001 0.5
0.998000000000001 0.5
0.999000000000001 0.5
1.0 0.500000000000001
1.001 0.500869565217392
1.002 0.501739130434783
1.003 0.502608695652174
1.004 0.503478260869565
1.005 0.504347826086957
1.006 0.505217391304348
1.007 0.506086956521739
1.008 0.50695652173913
1.009 0.507826086956521
1.01 0.508695652173913
1.011 0.509565217391304
1.012 0.510434782608695
1.013 0.511304347826086
1.014 0.512173913043477
1.015 0.513043478260869
1.016 0.51391304347826
1.017 0.514782608695651
1.018 0.515652173913042
1.019 0.516521739130434
1.02 0.517391304347825
1.021 0.518260869565216
1.022 0.519130434782607
1.023 0.519999999999998
1.024 0.52086956521739
1.025 0.521739130434781
1.026 0.522608695652172
1.027 0.523478260869563
1.028 0.524347826086954
1.029 0.525217391304346
1.03 0.526086956521737
1.031 0.526956521739128
1.032 0.527826086956519
1.033 0.52869565217391
1.034 0.529565217391302
1.035 0.530434782608693
1.036 0.531304347826084
1.037 0.532173913043475
1.038 0.533043478260867
1.039 0.533913043478258
1.04 0.534782608695649
1.041 0.53565217391304
1.042 0.536521739130431
1.043 0.537391304347823
1.044 0.538260869565214
1.045 0.539130434782605
1.046 0.539999999999996
1.047 0.540869565217387
1.048 0.541739130434779
1.049 0.54260869565217
1.05 0.543478260869561
1.051 0.544347826086952
1.05199999999999 0.545217391304343
1.05299999999999 0.546086956521735
1.05399999999999 0.546956521739126
1.05499999999999 0.547826086956517
1.05599999999999 0.548695652173908
1.05699999999999 0.549565217391299
1.05799999999999 0.550434782608691
1.05899999999999 0.551304347826082
1.05999999999999 0.552173913043473
1.06099999999999 0.553043478260864
1.06199999999999 0.553913043478256
1.06299999999999 0.554782608695647
1.06399999999999 0.555652173913038
1.06499999999999 0.556521739130429
1.06599999999999 0.55739130434782
1.06699999999999 0.558260869565212
1.06799999999999 0.559130434782603
1.06899999999999 0.559999999999994
1.06999999999999 0.560869565217385
1.07099999999999 0.561739130434776
1.07199999999999 0.562608695652168
1.07299999999999 0.563478260869559
1.07399999999999 0.56434782608695
1.07499999999999 0.565217391304341
1.07599999999999 0.566086956521732
1.07699999999999 0.566956521739124
1.07799999999999 0.567826086956515
1.07899999999999 0.568695652173906
1.07999999999999 0.569565217391297
1.08099999999999 0.570434782608689
1.08199999999999 0.57130434782608
1.08299999999999 0.572173913043471
1.08399999999999 0.573043478260862
1.08499999999999 0.573913043478253
1.08599999999999 0.574782608695645
1.08699999999999 0.575652173913036
1.08799999999999 0.576521739130427
1.08899999999999 0.577391304347818
1.08999999999999 0.578260869565209
1.09099999999999 0.579130434782601
1.09199999999999 0.579999999999992
1.09299999999999 0.580869565217383
1.09399999999999 0.581739130434774
1.09499999999999 0.582608695652165
1.09599999999999 0.583478260869557
1.09699999999999 0.584347826086948
1.09799999999999 0.585217391304339
1.09899999999999 0.58608695652173
1.09999999999999 0.586956521739121
1.10099999999999 0.587826086956513
1.10199999999999 0.588695652173904
1.10299999999999 0.589565217391295
1.10399999999999 0.590434782608686
1.10499999999999 0.591304347826078
1.10599999999999 0.592173913043469
1.10699999999999 0.59304347826086
1.10799999999999 0.593913043478251
1.10899999999999 0.594782608695642
1.10999999999999 0.595652173913034
1.11099999999999 0.596521739130425
1.11199999999999 0.597391304347816
1.11299999999999 0.598260869565207
1.11399999999999 0.599130434782598
1.11499999999999 0.59999999999999
1.11599999999999 0.600869565217381
1.11699999999999 0.601739130434772
1.11799999999999 0.602608695652163
1.11899999999999 0.603478260869554
1.11999999999999 0.604347826086946
1.12099999999999 0.605217391304337
1.12199999999999 0.606086956521728
1.12299999999999 0.606956521739119
1.12399999999999 0.607826086956511
1.12499999999999 0.608695652173902
1.12599999999999 0.609565217391293
1.12699999999999 0.610434782608684
1.12799999999999 0.611304347826075
1.12899999999999 0.612173913043466
1.12999999999999 0.613043478260858
1.13099999999999 0.613913043478249
1.13199999999999 0.61478260869564
1.13299999999999 0.615652173913031
1.13399999999999 0.616521739130423
1.13499999999999 0.617391304347814
1.13599999999999 0.618260869565205
1.13699999999999 0.619130434782596
1.13799999999999 0.619999999999987
1.13899999999999 0.620869565217379
1.13999999999999 0.62173913043477
1.14099999999999 0.622608695652161
1.14199999999999 0.623478260869552
1.14299999999998 0.624347826086944
1.14399999999998 0.625217391304335
1.14499999999998 0.626086956521726
1.14599999999998 0.626956521739117
1.14699999999998 0.627826086956508
1.14799999999998 0.6286956521739
1.14899999999998 0.629565217391291
1.14999999999998 0.630434782608682
1.15099999999998 0.631304347826073
1.15199999999998 0.632173913043464
1.15299999999998 0.633043478260856
1.15399999999998 0.633913043478247
1.15499999999998 0.634782608695638
1.15599999999998 0.635652173913029
1.15699999999998 0.63652173913042
1.15799999999998 0.637391304347812
1.15899999999998 0.638260869565203
1.15999999999998 0.639130434782594
1.16099999999998 0.639999999999985
1.16199999999998 0.640869565217376
1.16299999999998 0.641739130434768
1.16399999999998 0.642608695652159
1.16499999999998 0.64347826086955
1.16599999999998 0.644347826086941
1.16699999999998 0.645217391304332
1.16799999999998 0.646086956521724
1.16899999999998 0.646956521739115
1.16999999999998 0.647826086956506
1.17099999999998 0.648695652173897
1.17199999999998 0.649565217391288
1.17299999999998 0.65043478260868
1.17399999999998 0.651304347826071
1.17499999999998 0.652173913043462
1.17599999999998 0.653043478260853
1.17699999999998 0.653913043478245
1.17799999999998 0.654782608695636
1.17899999999998 0.655652173913027
1.17999999999998 0.656521739130418
1.18099999999998 0.657391304347809
1.18199999999998 0.658260869565201
1.18299999999998 0.659130434782592
1.18399999999998 0.659999999999983
1.18499999999998 0.660869565217374
1.18599999999998 0.661739130434765
1.18699999999998 0.662608695652157
1.18799999999998 0.663478260869548
1.18899999999998 0.664347826086939
1.18999999999998 0.66521739130433
1.19099999999998 0.666086956521721
1.19199999999998 0.666956521739113
1.19299999999998 0.667826086956504
1.19399999999998 0.668695652173895
1.19499999999998 0.669565217391286
1.19599999999998 0.670434782608678
1.19699999999998 0.671304347826069
1.19799999999998 0.67217391304346
1.19899999999998 0.673043478260851
1.19999999999998 0.673913043478242
1.20099999999998 0.674782608695634
1.20199999999998 0.675652173913025
1.20299999999998 0.676521739130416
1.20399999999998 0.677391304347807
1.20499999999998 0.678260869565198
1.20599999999998 0.67913043478259
1.20699999999998 0.679999999999981
1.20799999999998 0.680869565217372
1.20899999999998 0.681739130434763
1.20999999999998 0.682608695652154
1.21099999999998 0.683478260869546
1.21199999999998 0.684347826086937
1.21299999999998 0.685217391304328
1.21399999999998 0.686086956521719
1.21499999999998 0.68695652173911
1.21599999999998 0.687826086956502
1.21699999999998 0.688695652173893
1.21799999999998 0.689565217391284
1.21899999999998 0.690434782608675
1.21999999999998 0.691304347826067
1.22099999999998 0.692173913043458
1.22199999999998 0.693043478260849
1.22299999999998 0.69391304347824
1.22399999999998 0.694782608695631
1.22499999999998 0.695652173913023
1.22599999999998 0.696521739130414
1.22699999999998 0.697391304347805
1.22799999999998 0.698260869565196
1.22899999999998 0.699130434782587
1.22999999999998 0.699999999999979
1.23099999999998 0.7
1.23199999999998 0.7
1.23299999999998 0.7
1.23399999999997 0.7
1.23499999999997 0.7
1.23599999999997 0.7
1.23699999999997 0.7
1.23799999999997 0.7
1.23899999999997 0.7
1.23999999999997 0.7
1.24099999999997 0.7
1.24199999999997 0.7
1.24299999999997 0.7
1.24399999999997 0.7
1.24499999999997 0.7
1.24599999999997 0.7
1.24699999999997 0.7
1.24799999999997 0.7
1.24899999999997 0.7
1.24999999999997 0.7
1.25099999999997 0.7
1.25199999999997 0.7
1.25299999999997 0.7
1.25399999999997 0.7
1.25499999999997 0.7
1.25599999999997 0.7
1.25699999999997 0.7
1.25799999999997 0.7
1.25899999999997 0.7
1.25999999999997 0.7
1.26099999999997 0.7
1.26199999999997 0.7
1.26299999999997 0.7
1.26399999999997 0.7
1.26499999999997 0.7
1.26599999999997 0.7
1.26699999999997 0.7
1.26799999999997 0.7
1.26899999999997 0.7
1.26999999999997 0.7
1.27099999999997 0.7
1.27199999999997 0.7
1.27299999999997 0.7
1.27399999999997 0.7
1.27499999999997 0.7
1.27599999999997 0.7
1.27699999999997 0.7
1.27799999999997 0.7
1.27899999999997 0.7
1.27999999999997 0.7
1.28099999999997 0.7
1.28199999999997 0.7
1.28299999999997 0.7
1.28399999999997 0.7
1.28499999999997 0.7
1.28599999999997 0.7
1.28699999999997 0.7
1.28799999999997 0.7
1.28899999999997 0.7
1.28999999999997 0.7
1.29099999999997 0.7
1.29199999999997 0.7
1.29299999999997 0.7
1.29399999999997 0.7
1.29499999999997 0.7
1.29599999999997 0.7
1.29699999999997 0.7
1.29799999999997 0.7
1.29899999999997 0.7
1.29999999999997 0.7
1.30099999999997 0.7
1.30199999999997 0.7
1.30299999999997 0.7
1.30399999999997 0.7
1.30499999999997 0.7
1.30599999999997 0.7
1.30699999999997 0.7
1.30799999999997 0.7
1.30899999999997 0.7
1.30999999999997 0.7
1.31099999999997 0.7
1.31199999999997 0.7
1.31299999999997 0.7
1.31399999999997 0.7
1.31499999999997 0.7
1.31599999999997 0.7
1.31699999999997 0.7
1.31799999999997 0.7
1.31899999999997 0.7
1.31999999999997 0.7
1.32099999999997 0.7
1.32199999999997 0.7
1.32299999999997 0.7
1.32399999999996 0.7
1.32499999999996 0.7
1.32599999999996 0.7
1.32699999999996 0.7
1.32799999999996 0.7
1.32899999999996 0.7
1.32999999999996 0.7
1.33099999999996 0.7
1.33199999999996 0.7
1.33299999999996 0.7
1.33399999999996 0.7
1.33499999999996 0.7
1.33599999999996 0.7
1.33699999999996 0.7
1.33799999999996 0.7
1.33899999999996 0.7
1.33999999999996 0.7
1.34099999999996 0.7
1.34199999999996 0.7
1.34299999999996 0.7
1.34399999999996 0.7
1.34499999999996 0.7
1.34599999999996 0.7
1.34699999999996 0.7
1.34799999999996 0.7
1.34899999999996 0.7
1.34999999999996 0.7
1.35099999999996 0.7
1.35199999999996 0.7
1.35299999999996 0.7
1.35399999999996 0.7
1.35499999999996 0.7
1.35599999999996 0.7
1.35699999999996 0.7
1.35799999999996 0.7
1.35899999999996 0.7
1.35999999999996 0.7
1.36099999999996 0.7
1.36199999999996 0.7
1.36299999999996 0.7
1.36399999999996 0.7
1.36499999999996 0.7
1.36599999999996 0.7
1.36699999999996 0.7
1.36799999999996 0.7
1.36899999999996 0.7
1.36999999999996 0.7
1.37099999999996 0.7
1.37199999999996 0.7
1.37299999999996 0.7
1.37399999999996 0.7
1.37499999999996 0.7
1.37599999999996 0.7
1.37699999999996 0.7
1.37799999999996 0.7
1.37899999999996 0.7
1.37999999999996 0.7
1.38099999999996 0.7
1.38199999999996 0.7
1.38299999999996 0.7
1.38399999999996 0.7
1.38499999999996 0.7
1.38599999999996 0.7
1.38699999999996 0.7
1.38799999999996 0.7
1.38899999999996 0.7
1.38999999999996 0.7
1.39099999999996 0.7
1.39199999999996 0.7
1.39299999999996 0.7
1.39399999999996 0.7
1.39499999999996 0.7
1.39599999999996 0.7
1.39699999999996 0.7
1.39799999999996 0.7
1.39899999999996 0.7
1.39999999999996 0.7
1.40099999999996 0.7
1.40199999999996 0.7
1.40299999999996 0.7
1.40399999999996 0.7
1.40499999999996 0.7
1.40599999999996 0.7
1.40699999999996 0.7
1.40799999999996 0.7
1.40899999999996 0.7
1.40999999999996 0.7
1.41099999999996 0.7
1.41199999999996 0.7
1.41299999999996 0.7
1.41399999999996 0.7
1.41499999999995 0.7
1.41599999999995 0.7
1.41699999999995 0.7
1.41799999999995 0.7
1.41899999999995 0.7
1.41999999999995 0.7
1.42099999999995 0.7
1.42199999999995 0.7
1.42299999999995 0.7
1.42399999999995 0.7
1.42499999999995 0.7
1.42599999999995 0.7
1.42699999999995 0.7
1.42799999999995 0.7
1.42899999999995 0.7
1.42999999999995 0.7
1.43099999999995 0.7
1.43199999999995 0.7
1.43299999999995 0.7
1.43399999999995 0.7
1.43499999999995 0.7
1.43599999999995 0.7
1.43699999999995 0.7
1.43799999999995 0.7
1.43899999999995 0.7
1.43999999999995 0.7
1.44099999999995 0.7
1.44199999999995 0.7
1.44299999999995 0.7
1.44399999999995 0.7
1.44499999999995 0.7
1.44599999999995 0.7
1.44699999999995 0.7
1.44799999999995 0.7
1.44899999999995 0.7
1.44999999999995 0.7
1.45099999999995 0.7
1.45199999999995 0.7
1.45299999999995 0.7
1.45399999999995 0.7
1.45499999999995 0.7
1.45599999999995 0.7
1.45699999999995 0.7
1.45799999999995 0.7
1.45899999999995 0.7
1.45999999999995 0.7
1.46099999999995 0.7
1.46199999999995 0.7
1.46299999999995 0.7
1.46399999999995 0.7
1.46499999999995 0.7
1.46599999999995 0.7
1.46699999999995 0.7
1.46799999999995 0.7
1.46899999999995 0.7
1.46999999999995 0.7
1.47099999999995 0.7
1.47199999999995 0.7
1.47299999999995 0.7
1.47399999999995 0.7
1.47499999999995 0.7
1.47599999999995 0.7
1.47699999999995 0.7
1.47799999999995 0.7
1.47899999999995 0.7
1.47999999999995 0.7
1.48099999999995 0.7
1.48199999999995 0.7
1.48299999999995 0.7
1.48399999999995 0.7
1.48499999999995 0.7
1.48599999999995 0.7
1.48699999999995 0.7
1.48799999999995 0.7
1.48899999999995 0.7
1.48999999999995 0.7
1.49099999999995 0.7
1.49199999999995 0.7
1.49299999999995 0.7
1.49399999999995 0.7
1.49499999999995 0.7
1.49599999999995 0.7
1.49699999999995 0.7
1.49799999999995 0.7
1.49899999999995 0.7
1.49999999999995 0.7
1.50099999999995 0.7
1.50199999999995 0.7
1.50299999999995 0.7
1.50399999999995 0.7
1.50499999999995 0.7
1.50599999999994 0.7
1.50699999999994 0.7
1.50799999999994 0.7
1.50899999999994 0.7
1.50999999999994 0.7
1.51099999999994 0.7
1.51199999999994 0.7
1.51299999999994 0.7
1.51399999999994 0.7
1.51499999999994 0.7
1.51599999999994 0.7
1.51699999999994 0.7
1.51799999999994 0.7
1.51899999999994 0.7
1.51999999999994 0.7
1.52099999999994 0.7
1.52199999999994 0.7
1.52299999999994 0.7
1.52399999999994 0.7
1.52499999999994 0.7
1.52599999999994 0.7
1.52699999999994 0.7
1.52799999999994 0.7
1.52899999999994 0.7
1.52999999999994 0.7
1.53099999999994 0.7
1.53199999999994 0.7
1.53299999999994 0.7
1.53399999999994 0.7
1.53499999999994 0.7
1.53599999999994 0.7
1.53699999999994 0.7
1.53799999999994 0.7
1.53899999999994 0.7
1.53999999999994 0.7
1.54099999999994 0.7
1.54199999999994 0.7
1.54299999999994 0.7
1.54399999999994 0.7
1.54499999999994 0.7
1.54599999999994 0.7
1.54699999999994 0.7
1.54799999999994 0.7
1.54899999999994 0.7
1.54999999999994 0.7
1.55099999999994 0.7
1.55199999999994 0.7
1.55299999999994 0.7
1.55399999999994 0.7
1.55499999999994 0.7
1.55599999999994 0.7
1.55699999999994 0.7
1.55799999999994 0.7
1.55899999999994 0.7
1.55999999999994 0.7
1.56099999999994 0.7
1.56199999999994 0.7
1.56299999999994 0.7
1.56399999999994 0.7
1.56499999999994 0.7
1.56599999999994 0.7
1.56699999999994 0.7
1.56799999999994 0.7
1.56899999999994 0.7
1.56999999999994 0.7
1.57099999999994 0.7
1.57199999999994 0.7
1.57299999999994 0.7
1.57399999999994 0.7
1.57499999999994 0.7
1.57599999999994 0.7
1.57699999999994 0.7
1.57799999999994 0.7
1.57899999999994 0.7
1.57999999999994 0.7
1.58099999999994 0.7
1.58199999999994 0.7
1.58299999999994 0.7
1.58399999999994 0.7
1.58499999999994 0.7
1.58599999999994 0.7
1.58699999999994 0.7
1.58799999999994 0.7
1.58899999999994 0.7
1.58999999999994 0.7
1.59099999999994 0.7
1.59199999999994 0.7
1.59299999999994 0.7
1.59399999999994 0.7
1.59499999999994 0.7
1.59599999999994 0.7
1.59699999999993 0.7
1.59799999999993 0.7
1.59899999999993 0.7
1.59999999999993 0.7
1.60099999999993 0.7
1.60199999999993 0.7
1.60299999999993 0.7
1.60399999999993 0.7
1.60499999999993 0.7
1.60599999999993 0.7
1.60699999999993 0.7
1.60799999999993 0.7
1.60899999999993 0.7
1.60999999999993 0.7
1.61099999999993 0.7
1.61199999999993 0.7
1.61299999999993 0.7
1.61399999999993 0.7
1.61499999999993 0.7
1.61599999999993 0.7
1.61699999999993 0.7
1.61799999999993 0.7
1.61899999999993 0.7
1.61999999999993 0.7
1.62099999999993 0.7
1.62199999999993 0.7
1.62299999999993 0.7
1.62399999999993 0.7
1.62499999999993 0.7
1.62599999999993 0.7
1.62699999999993 0.7
1.62799999999993 0.7
1.62899999999993 0.7
1.62999999999993 0.7
1.63099999999993 0.7
1.63199999999993 0.7
1.63299999999993 0.7
1.63399999999993 0.7
1.63499999999993 0.7
1.63599999999993 0.7
1.63699999999993 0.7
1.63799999999993 0.7
1.63899999999993 0.7
1.63999999999993 0.7
1.64099999999993 0.7
1.64199999999993 0.7
1.64299999999993 0.7
1.64399999999993 0.7
1.64499999999993 0.7
1.64599999999993 0.7
1.64699999999993 0.7
1.64799999999993 0.7
1.64899999999993 0.7
1.64999999999993 0.7
1.65099999999993 0.7
1.65199999999993 0.7
1.65299999999993 0.7
1.65399999999993 0.7
1.65499999999993 0.7
1.65599999999993 0.7
1.65699999999993 0.7
1.65799999999993 0.7
1.65899999999993 0.7
1.65999999999993 0.7
1.66099999999993 0.7
1.66199999999993 0.7
1.66299999999993 0.7
1.66399999999993 0.7
1.66499999999993 0.7
1.66599999999993 0.7
1.66699999999993 0.7
1.66799999999993 0.7
1.66899999999993 0.7
1.66999999999993 0.7
1.67099999999993 0.7
1.67199999999993 0.7
1.67299999999993 0.7
1.67399999999993 0.7
1.67499999999993 0.7
1.67599999999993 0.7
1.67699999999993 0.7
1.67799999999993 0.7
1.67899999999993 0.7
1.67999999999993 0.7
1.68099999999993 0.7
1.68199999999993 0.7
1.68299999999993 0.7
1.68399999999993 0.7
1.68499999999993 0.7
1.68599999999993 0.7
1.68699999999993 0.7
1.68799999999992 0.7
1.68899999999992 0.7
1.68999999999992 0.7
1.69099999999992 0.7
1.69199999999992 0.7
1.69299999999992 0.7
1.69399999999992 0.7
1.69499999999992 0.7
1.69599999999992 0.7
1.69699999999992 0.7
1.69799999999992 0.7
1.69899999999992 0.7
1.69999999999992 0.7
1.70099999999992 0.693000000000537
1.70199999999992 0.686000000000538
1.70299999999992 0.679000000000539
1.70399999999992 0.672000000000539
1.70499999999992 0.66500000000054
1.70599999999992 0.658000000000541
1.70699999999992 0.651000000000541
1.70799999999992 0.644000000000542
1.70899999999992 0.637000000000543
1.70999999999992 0.630000000000544
1.71099999999992 0.623000000000544
1.71199999999992 0.616000000000545
1.71299999999992 0.609000000000546
1.71399999999992 0.602000000000547
1.71499999999992 0.595000000000548
1.71599999999992 0.588000000000548
1.71699999999992 0.581000000000549
1.71799999999992 0.57400000000055
1.71899999999992 0.567000000000551
1.71999999999992 0.560000000000551
1.72099999999992 0.553000000000552
1.72199999999992 0.546000000000553
1.72299999999992 0.539000000000553
1.72399999999992 0.532000000000554
1.72499999999992 0.525000000000555
1.72599999999992 0.518000000000556
1.72699999999992 0.511000000000556
1.72799999999992 0.504000000000557
1.72899999999992 0.497000000000558
1.72999999999992 0.490000000000559
1.73099999999992 0.483000000000559
1.73199999999992 0.47600000000056
1.73299999999992 0.469000000000561
1.73399999999992 0.462000000000562
1.73499999999992 0.455000000000562
1.73599999999992 0.448000000000563
1.73699999999992 0.441000000000564
1.73799999999992 0.434000000000565
1.73899999999992 0.427000000000565
1.73999999999992 0.420000000000566
1.74099999999992 0.413000000000567
1.74199999999992 0.406000000000568
1.74299999999992 0.399000000000568
1.74399999999992 0.392000000000569
1.74499999999992 0.38500000000057
1.74599999999992 0.378000000000571
1.74699999999992 0.371000000000571
1.74799999999992 0.364000000000572
1.74899999999992 0.357000000000573
1.74999999999992 0.350000000000574
1.75099999999992 0.343000000000574
1.75199999999992 0.336000000000575
1.75299999999992 0.329000000000576
1.75399999999992 0.322000000000577
1.75499999999992 0.315000000000577
1.75599999999992 0.308000000000578
1.75699999999992 0.301000000000579
1.75799999999992 0.29400000000058
1.75899999999992 0.287000000000581
1.75999999999992 0.280000000000581
1.76099999999992 0.273000000000582
1.76199999999992 0.266000000000583
1.76299999999992 0.259000000000584
1.76399999999992 0.252000000000584
1.76499999999992 0.245000000000585
1.76599999999992 0.238000000000586
1.76699999999992 0.231000000000587
1.76799999999992 0.224000000000588
1.76899999999992 0.217000000000588
1.76999999999992 0.210000000000589
1.77099999999992 0.20300000000059
1.77199999999992 0.196000000000591
1.77299999999992 0.189000000000591
1.77399999999992 0.182000000000592
1.77499999999992 0.175000000000593
1.77599999999992 0.168000000000594
1.77699999999992 0.161000000000595
1.77799999999991 0.154000000000595
1.77899999999991 0.147000000000596
1.77999999999991 0.140000000000597
1.78099999999991 0.133000000000598
1.78199999999991 0.126000000000598
1.78299999999991 0.119000000000599
1.78399999999991 0.1120000000006
1.78499999999991 0.105000000000601
1.78599999999991 0.0980000000006016
1.78699999999991 0.0910000000006023
1.78799999999991 0.0840000000006031
1.78899999999991 0.0770000000006039
1.78999999999991 0.0700000000006046
1.79099999999991 0.0630000000006054
1.79199999999991 0.0560000000006062
1.79299999999991 0.0490000000006069
1.79399999999991 0.0420000000006077
1.79499999999991 0.0350000000006085
1.79599999999991 0.0280000000006093
1.79699999999991 0.0210000000006101
1.79799999999991 0.0140000000006109
1.79899999999991 0.00700000000061163
1.79999999999991 6.12399020383236e-13
