1.10099999999999 0.132578200750379
1.10199999999999 0.13534606351104
1.10299999999999 0.13812260002385
1.10399999999999 0.140907891137284
1.10499999999999 0.143701942157415
1.10599999999999 0.146504660333379
1.10699999999999 0.149316120275716
1.10799999999999 0.152136351316389
1.10899999999999 0.154965329318912
1.10999999999999 0.157802968059068
1.11099999999999 0.160649388349042
1.11199999999999 0.163504595455217
1.11299999999999 0.166368516681836
1.11399999999999 0.169241179688038
1.11499999999999 0.17212264080162
1.11599999999999 0.175012905272516
1.11699999999999 0.177911829578375
1.11799999999999 0.180819562870833
1.11899999999999 0.183736110380618
1.11999999999999 0.186661414858227
1.12099999999999 0.189595446239848
1.12199999999999 0.192538302578215
1.12299999999999 0.19548998908575
1.12399999999999 0.198450396070374
1.12499999999999 0.201419611047708
1.12599999999999 0.204397667510598
1.12699999999999 0.207384538284406
1.12799999999999 0.210380128638804
1.12899999999999 0.213384571369095
1.12999999999999 0.216397871654377
1.13099999999999 0.219419939424184
1.13199999999999 0.222450808091233
1.13299999999999 0.225490545441425
1.13399999999999 0.228539156638334
1.13499999999999 0.231596466144368
1.13599999999999 0.234662655027888
1.13699999999999 0.237737728434233
1.13799999999999 0.240821627170341
1.13899999999999 0.243914321312623
1.13999999999999 0.247015911260571
1.14099999999999 0.250126401327048
1.14199999999999 0.253245662301012
1.14299999999998 0.256373796902492
1.14399999999998 0.259510843614882
1.14499999999998 0.262656772520984
1.14599999999998 0.265811481103142
1.14699999999998 0.268975112912884
1.14799999999998 0.272147673051459
1.14899999999998 0.275329065606132
1.14999999999998 0.278519326218805
1.15099999999998 0.278963333125528
1.15199999999998 0.279407510945173
1.15299999999998 0.27985167290583
1.15399999999998 0.280296005218721
1.15499999999998 0.280740507907797
1.15599999999998 0.281185112333269
1.15699999999998 0.281629783796515
1.15799999999998 0.282074625149332
1.15899999999998 0.282519636415272
1.15999999999998 0.282964704843063
1.16099999999998 0.283409913685016
1.16199999999998 0.283855292051208
1.16299999999998 0.284300798796413
1.16399999999998 0.28474631004019
1.16499999999998 0.285191990213643
1.16599999999998 0.285637839339521
1.16699999999998 0.286083781727987
1.16799999999998 0.286529842315223
1.16899999999998 0.28697607151776
1.16999999999998 0.28742246935805
1.17099999999998 0.287868876157979
1.17199999999998 0.288315451130197
1.17299999999998 0.288762194296797
1.17399999999998 0.289209035023874
1.17499999999998 0.289655937611716
1.17599999999998 0.290103007897302
1.17699999999998 0.290550245902317
1.17799999999998 0.290997561917793
1.17899999999998 0.291445022943343
1.17999999999998 0.291892651397514
1.18099999999998 0.29234041065862
1.18199999999998 0.292788194246786
1.18299999999998 0.293236144760583
1.18399999999998 0.293684262221033
1.18499999999998 0.294132478658991
1.18599999999998 0.294580816473687
1.18699999999998 0.295029320941397
1.18799999999998 0.29547799208288
1.18899999999998 0.295926682484908
1.18999999999998 0.296375539140485
1.19099999999998 0.296824562070038
1.19199999999998 0.297273698827825
1.19299999999998 0.297722922914591
1.19399999999998 0.298172312926945
1.19499999999998 0.298621868885013
1.19599999999998 0.299071498687653
1.19699999999998 0.299521271123864
1.19799999999998 0.29997120920806
1.19899999999998 0.300421286412468
1.19999999999998 0.300871422867351
1.20099999999998 0.301262062708601
1.20199999999998 0.301652706809332
1.20299999999998 0.302043275101321
1.20399999999998 0.302433793976753
1.20499999999998 0.302824316729744
1.20599999999998 0.303214843352476
1.20699999999998 0.30360525700568
1.20799999999998 0.303995674200544
1.20899999999998 0.304386094929198
1.20999999999998 0.304776472189239
1.21099999999998 0.305166782256401
1.21199999999998 0.305557095520649
1.21299999999998 0.305947411974055
1.21399999999998 0.306337651095246
1.21499999999998 0.306727873021208
1.21599999999998 0.307118097845647
1.21699999999998 0.307508301860126
1.21799999999998 0.307898413767437
1.21899999999998 0.308288528236189
1.21999999999998 0.308678645258356
1.22099999999998 0.309068709084302
1.22199999999998 0.309458734647159
1.22299999999998 0.309848762485893
1.22399999999998 0.310238792592431
1.22499999999998 0.310628722730318
1.22599999999998 0.311018654852367
1.22699999999998 0.311408588950459
1.22799999999998 0.311798491075704
1.22899999999998 0.312188344094734
1.22999999999998 0.312578198844184
1.23099999999998 0.312579757480525
1.23199999999998 0.312581217645882
1.23299999999998 0.312582651566039
1.23399999999997 0.312584083318967
1.23499999999997 0.312585499410102
1.23599999999997 0.312586859351309
1.23699999999997 0.312588217117026
1.23799999999997 0.312589572707117
1.23899999999997 0.312590864433635
1.23999999999997 0.312592112849476
1.24099999999997 0.312593364331079
1.24199999999997 0.312594613625031
1.24299999999997 0.312595793282175
1.24399999999997 0.312596970743547
1.24499999999997 0.312598146009014
1.24599999999997 0.312599277962458
1.24699999999997 0.312600346037379
1.24799999999997 0.312601411904028
1.24899999999997 0.312602475562272
1.24999999999997 0.312603497126055
1.25099999999997 0.312604506504462
1.25199999999997 0.31260551366826
1.25299999999997 0.312606498063075
1.25399999999997 0.312607398018889
1.25499999999997 0.312608295747736
1.25599999999997 0.312609191249483
1.25699999999997 0.31261004395025
1.25799999999997 0.312610867368196
1.25899999999997 0.312611688550775
1.25999999999997 0.312612507497856
1.26099999999997 0.31261329742171
1.26199999999997 0.31261408510654
1.26299999999997 0.31261487055221
1.26399999999997 0.312615612568363
1.26499999999997 0.31261629055137
1.26599999999997 0.312616966282846
1.26699999999997 0.312617639762658
1.26799999999997 0.312618271149558
1.26899999999997 0.312618890319039
1.26999999999997 0.312619507230667
1.27099999999997 0.312620108366729
1.27199999999997 0.312620653169645
1.27299999999997 0.312621195706455
1.27399999999997 0.312621735977025
1.27499999999997 0.312622254654676
1.27599999999997 0.312622758178463
1.27699999999997 0.312623259431869
1.27799999999997 0.312623758414761
1.27899999999997 0.312624187545892
1.27999999999997 0.312624614398394
1.28099999999997 0.312625044251043
1.28199999999997 0.312625451915869
1.28299999999997 0.312625827434004
1.28399999999997 0.312626200667656
1.28499999999997 0.312626571616691
1.28599999999997 0.312626900291133
1.28699999999997 0.31262721667801
1.28799999999997 0.312627530774068
1.28899999999997 0.312627836142666
1.28999999999997 0.312628113471901
1.29099999999997 0.312628388506185
1.29199999999997 0.312628661245385
1.29299999999997 0.31262890170216
1.29399999999997 0.312629119867473
1.29499999999997 0.312629335731505
1.29599999999997 0.312629549294124
1.29699999999997 0.312629710582552
1.29799999999997 0.312629869563503
1.29899999999997 0.312630026236848
1.29999999999997 0.312630167735989
1.30099999999997 0.31263029292419
1.30199999999997 0.312630415801104
1.30299999999997 0.312630536366602
1.30399999999997 0.312630628717664
1.30499999999997 0.312630712277942
1.30599999999997 0.312630793522652
1.30699999999997 0.312630866019363
1.30799999999997 0.312630910468812
1.30899999999997 0.312630952598567
1.30999999999997 0.312630992408495
1.31099999999997 0.312631010475141
1.31199999999997 0.312631013269811
1.31299999999997 0.312631013740507
1.31399999999997 0.312631011887098
1.31499999999997 0.312630975340423
1.31599999999997 0.312630936465628
1.31699999999997 0.312630895262581
1.31799999999997 0.31263084590551
1.31899999999997 0.31263078548028
1.31999999999997 0.312630722724716
1.32099999999997 0.312630662910718
1.32199999999997 0.312630574872669
1.32299999999997 0.312630478027485
1.32399999999996 0.312630378848132
1.32499999999996 0.312630277940743
1.32599999999996 0.312630177124191
1.32699999999996 0.312630073973428
1.32799999999996 0.312629968488323
1.32899999999996 0.312629830689535
1.32999999999996 0.312629670565373
1.33099999999996 0.312629508100689
1.33199999999996 0.312629343295352
1.33299999999996 0.312629161383193
1.33399999999996 0.31262897712841
1.33499999999996 0.312628790530871
1.33599999999996 0.31262860280527
1.33699999999996 0.312628414559136
1.33799999999996 0.312628223970206
1.33899999999996 0.312628031038349
1.33999999999996 0.312627823946391
1.34099999999996 0.312627616863538
1.34199999999996 0.312627407436095
1.34299999999996 0.312627189189881
1.34399999999996 0.312626942700372
1.34499999999996 0.312626693862134
1.34599999999996 0.312626442675036
1.34699999999996 0.312626190961705
1.34799999999996 0.312625938114706
1.34899999999996 0.312625682918807
1.34999999999996 0.312625425373878
1.35099999999996 0.312625168311428
1.35199999999996 0.312624908900014
1.35299999999996 0.312624647139506
1.35399999999996 0.312624377199414
1.35499999999996 0.312624096163249
1.35599999999996 0.312623812775913
1.35699999999996 0.312623527037276
1.35799999999996 0.312623226966351
1.35899999999996 0.312622921547092
1.35999999999996 0.312622613774409
1.36099999999996 0.312622309550788
1.36199999999996 0.31262200539818
1.36299999999996 0.312621698892543
1.36399999999996 0.312621390033747
1.36499999999996 0.312621091201412
1.36599999999996 0.312620798270732
1.36699999999996 0.312620502988887
1.36799999999996 0.312620205355746
1.36899999999996 0.312619872772976
1.36999999999996 0.312619537834883
1.37099999999996 0.312619200541337
1.37199999999996 0.312618869145164
1.37299999999996 0.312618547774378
1.37399999999996 0.312618224050134
1.37499999999996 0.312617897972301
1.37599999999996 0.312617571949315
1.37699999999996 0.312617244174936
1.37799999999996 0.312616914046925
1.37899999999996 0.312616582089079
1.37999999999996 0.312616249873222
1.38099999999996 0.312615920636331
1.38199999999996 0.31261558904603
1.38299999999996 0.312615256903948
1.38399999999996 0.312614923609647
1.38499999999996 0.312614587961892
1.38599999999996 0.312614249960554
1.38699999999996 0.312613930029394
1.38799999999996 0.31261360774675
1.38899999999996 0.312613283112491
1.38999999999996 0.312612957321842
1.39099999999996 0.312612630972594
1.39199999999996 0.312612302271687
1.39299999999996 0.312611971218991
1.39399999999996 0.312611639898939
1.39499999999996 0.312611306748251
1.39599999999996 0.312610971245686
1.39699999999996 0.312610637511356
1.39799999999996 0.312610317907279
1.39899999999996 0.312609995953313
1.39999999999996 0.312609671649329
1.40099999999996 0.312611708422872
1.40199999999996 0.312613744153422
1.40299999999996 0.31261577772742
1.40399999999996 0.312617809144709
1.40499999999996 0.3126198766212
1.40599999999996 0.31262194194565
1.40699999999996 0.312624005117898
1.40799999999996 0.31262607429495
1.40899999999996 0.312628153557091
1.40999999999996 0.312630230669215
1.41099999999996 0.312632305631166
1.41199999999996 0.312634380650317
1.41299999999996 0.312636454071186
1.41399999999996 0.312638525341765
1.41499999999995 0.312640595013186
1.41599999999995 0.312642664739369
1.41699999999995 0.312644732315148
1.41799999999995 0.312646797740365
1.41899999999995 0.31264888382554
1.41999999999995 0.312650982970918
1.42099999999995 0.312653078094353
1.42199999999995 0.312655171071393
1.42299999999995 0.312657282457993
1.42399999999995 0.312659391700561
1.42499999999995 0.31266149879894
1.42599999999995 0.312663611900076
1.42699999999995 0.312665735079219
1.42799999999995 0.312667856116352
1.42899999999995 0.312669975011319
1.42999999999995 0.312672108054205
1.43099999999995 0.312674243029556
1.43199999999995 0.312676375864919
1.43299999999995 0.312678510631443
1.43399999999995 0.312680659544477
1.43499999999995 0.312682806319701
1.43599999999995 0.312684950956958
1.43699999999995 0.312687105667039
1.43799999999995 0.31268926638159
1.43899999999995 0.312691424960351
1.43999999999995 0.312693581403164
1.44099999999995 0.312695778321858
1.44199999999995 0.312697973109625
1.44299999999995 0.31270016576631
1.44399999999995 0.312702371483304
1.44499999999995 0.312704597859686
1.44599999999995 0.312706822109456
1.44699999999995 0.312709044232457
1.44799999999995 0.312711280487993
1.44899999999995 0.312713518683691
1.44999999999995 0.312715754754795
1.45099999999995 0.312717992764762
1.45199999999995 0.312720244905874
1.45299999999995 0.312722494924562
1.45399999999995 0.312724742820672
1.45499999999995 0.312727000781944
1.45599999999995 0.312729264747704
1.45699999999995 0.312731526593056
1.45799999999995 0.312733786317844
1.45899999999995 0.312736099706357
1.45999999999995 0.312738410981247
1.46099999999995 0.312740720142357
1.46199999999995 0.312743042367852
1.46299999999995 0.312745385250194
1.46399999999995 0.312747726023219
1.46499999999995 0.312750064686772
1.46599999999995 0.312752403206791
1.46699999999995 0.312754740108836
1.46799999999995 0.312757074901257
1.46899999999995 0.312759415205174
1.46999999999995 0.312761783887223
1.47099999999995 0.312764150464134
1.47199999999995 0.31276651493575
1.47299999999995 0.312768910657373
1.47399999999995 0.312771326516141
1.47499999999995 0.31277374027637
1.47599999999995 0.312776151937903
1.47699999999995 0.312778581921166
1.47799999999995 0.312781009808074
1.47899999999995 0.312783435598471
1.47999999999995 0.312785874392499
1.48099999999995 0.312788338213914
1.48199999999995 0.312790799943632
1.48299999999995 0.312793259581499
1.48399999999995 0.312795761717018
1.48499999999995 0.312798272914306
1.48599999999995 0.312800782026514
1.48699999999995 0.3128032895327
1.48799999999995 0.312805796870528
1.48899999999995 0.312808302123122
1.48999999999995 0.312810805290324
1.49099999999995 0.312813339808187
1.49199999999995 0.312815894536942
1.49299999999995 0.312818447187076
1.49399999999995 0.312820997758431
1.49499999999995 0.312823584134712
1.49599999999995 0.312826168436822
1.49699999999995 0.312828750664607
1.49799999999995 0.312831353037604
1.49899999999995 0.312833986670553
1.49999999999995 0.31283661823592
1.50099999999995 0.312839250684415
1.50199999999995 0.312841882948588
1.50299999999995 0.312844513616071
1.50399999999995 0.312847142215911
1.50499999999995 0.312849783454271
1.50599999999994 0.312852481455673
1.50699999999994 0.31285517739851
1.50799999999994 0.312857871282625
1.50899999999994 0.312860575114854
1.50999999999994 0.312863284894789
1.51099999999994 0.312865992618134
1.51199999999994 0.312868698284733
1.51299999999994 0.312871457423595
1.51399999999994 0.312874214512606
1.51499999999994 0.31287696955161
1.51599999999994 0.312879730599775
1.51699999999994 0.312882501688438
1.51799999999994 0.312885270729242
1.51899999999994 0.312888037722035
1.51999999999994 0.312890861350523
1.52099999999994 0.312876197395215
1.52199999999994 0.312861529873666
1.52299999999994 0.312846866316987
1.52399999999994 0.312832229318858
1.52499999999994 0.312817588755243
1.52599999999994 0.31280294462617
1.52699999999994 0.312788308996569
1.52799999999994 0.312773677845119
1.52899999999994 0.312759043128651
1.52999999999994 0.312744404847192
1.53099999999994 0.312729836293902
1.53199999999994 0.312715264176965
1.53299999999994 0.312700688496409
1.53399999999994 0.312686117223879
1.53499999999994 0.312671554345457
1.53599999999994 0.31265698790384
1.53699999999994 0.312642417899056
1.53799999999994 0.312627888788179
1.53899999999994 0.312613367229318
1.53999999999994 0.312598842108334
1.54099999999994 0.312566789495259
1.54199999999994 0.312534776087585
1.54299999999994 0.312502757563065
1.54399999999994 0.312470733921898
1.54499999999994 0.312438727696713
1.54599999999994 0.312406731374042
1.54699999999994 0.31237472993175
1.54799999999994 0.312342723370033
1.54899999999994 0.312310767171765
1.54999999999994 0.312278805849181
1.55099999999994 0.312246839402476
1.55199999999994 0.312214882891014
1.55299999999994 0.312182943842061
1.55399999999994 0.312150999665974
1.55499999999994 0.312119050362946
1.55599999999994 0.31208712592195
1.55699999999994 0.312055203848367
1.55799999999994 0.312023276644832
1.55899999999994 0.311991355390541
1.55999999999994 0.311959473319516
1.56099999999994 0.311927562956337
1.56199999999994 0.311895647456575
1.56299999999994 0.311863759871963
1.56399999999994 0.311831889181272
1.56499999999994 0.311800013349264
1.56599999999994 0.311768132376124
1.56699999999994 0.311736283949404
1.56799999999994 0.311704430378291
1.56899999999994 0.311672571662967
1.56999999999994 0.311640736923765
1.57099999999994 0.311608940716032
1.57199999999994 0.311577139357611
1.57299999999994 0.311545332848681
1.57399999999994 0.311513536976598
1.57499999999994 0.31148173989944
1.57599999999994 0.311449937670397
1.57699999999994 0.311418144863014
1.57799999999994 0.31138640519334
1.57899999999994 0.31135466036526
1.57999999999994 0.311322910378945
1.58099999999994 0.311291143651048
1.58199999999994 0.311259379640977
1.58299999999994 0.311227610469137
1.58399999999994 0.3111958361357
1.58499999999994 0.311164129434202
1.58599999999994 0.31113241756437
1.58699999999994 0.311100700526371
1.58799999999994 0.31106899322984
1.58899999999994 0.311037303127137
1.58999999999994 0.311005607853137
1.59099999999994 0.310973907408005
1.59199999999994 0.310942259967639
1.59299999999994 0.310910621894018
1.59399999999994 0.310878978642659
1.59499999999994 0.310847337658642
1.59599999999994 0.310815721274697
1.59699999999993 0.310784099709857
1.59799999999993 0.310752472964282
1.59899999999993 0.310720863436496
1.59999999999993 0.310689263657611
1.60099999999993 0.310638364374154
1.60199999999993 0.310587463271585
1.60299999999993 0.310536632948592
1.60399999999993 0.310485800791229
1.60499999999993 0.310434966799935
1.60599999999993 0.310384152862851
1.60699999999993 0.310333369915742
1.60799999999993 0.310282585123837
1.60899999999993 0.310231798487572
1.60999999999993 0.310181039791482
1.61099999999993 0.310130286690462
1.61199999999993 0.310079531738093
1.61299999999993 0.310028785887563
1.61399999999993 0.309978081990243
1.61499999999993 0.309927376230662
1.61599999999993 0.309876668609253
1.61699999999993 0.309825991957585
1.61799999999993 0.309775335322605
1.61899999999993 0.309724676814874
1.61999999999993 0.309674016434822
1.62099999999993 0.309623389694526
1.62199999999993 0.309572761078669
1.62299999999993 0.309522130587678
1.62399999999993 0.309471534153671
1.62499999999993 0.309420989728863
1.62599999999993 0.309370443410123
1.62699999999993 0.309319895197872
1.62799999999993 0.309269388764142
1.62899999999993 0.309218891344657
1.62999999999993 0.309168392020712
1.63099999999993 0.309117898176616
1.63199999999993 0.309067431959483
1.63299999999993 0.309016963830884
1.63399999999993 0.308966493791238
1.63499999999993 0.30891606512033
1.63599999999993 0.308865663379186
1.63699999999993 0.308815259712077
1.63799999999993 0.308764854119418
1.63899999999993 0.308714465956346
1.63999999999993 0.308664075864211
1.64099999999993 0.30861369974172
1.64199999999993 0.308563350459814
1.64299999999993 0.308513042391875
1.64399999999993 0.308462732380658
1.64499999999993 0.308412420426573
1.64599999999993 0.308362150037148
1.64699999999993 0.308311888571455
1.64799999999993 0.308261625151901
1.64899999999993 0.30821137064799
1.64999999999993 0.308161157660082
1.65099999999993 0.308110942707312
1.65199999999993 0.308060725790083
1.65299999999993 0.308010539489418
1.65399999999993 0.307960372935735
1.65499999999993 0.30791020440658
1.65599999999993 0.307860033902357
1.65699999999993 0.307809898120758
1.65799999999993 0.307759760356624
1.65899999999993 0.307709620610356
1.65999999999993 0.307659514570062
1.66099999999993 0.307609475806853
1.66199999999993 0.30755943504289
1.66299999999993 0.30750939227857
1.66399999999993 0.307459362871139
1.66499999999993 0.307409335299456
1.66599999999993 0.307359305724271
1.66699999999993 0.307309284974373
1.66799999999993 0.307259305527996
1.66899999999993 0.307209324067069
1.66999999999993 0.307159340591986
1.67099999999993 0.307109398012294
1.67199999999993 0.307059482012396
1.67299999999993 0.307009563983341
1.67399999999993 0.306959643925519
1.67499999999993 0.30690977588957
1.67599999999993 0.306859905813394
1.67699999999993 0.306810033697378
1.67799999999993 0.306760181146888
1.67899999999993 0.306710358956233
1.67999999999993 0.306660534714656
1.68099999999993 0.306610724006368
1.68199999999993 0.306560940431301
1.68299999999993 0.30651116209511
1.68399999999993 0.306461381701591
1.68499999999993 0.306411610038446
1.68599999999993 0.306361879460678
1.68699999999993 0.306312146814485
1.68799999999992 0.306262412100246
1.68899999999992 0.30621271813625
1.68999999999992 0.306163050637268
1.69099999999992 0.306113381055164
1.69199999999992 0.306063709390314
1.69299999999992 0.306014089390514
1.69399999999992 0.305964467296497
1.69499999999992 0.305914843108635
1.69599999999992 0.305865231370302
1.69699999999992 0.305815639347578
1.69799999999992 0.305766045223853
1.69899999999992 0.305716448999498
1.69999999999992 0.305666907643265
1.70099999999992 0.302561219903374
1.70199999999992 0.299456520366204
1.70299999999992 0.29635281613727
1.70399999999992 0.293250127964454
1.70499999999992 0.290148427452316
1.70599999999992 0.287047714664879
1.70699999999992 0.283948019625042
1.70799999999992 0.280849331542446
1.70899999999992 0.277751630291774
1.70999999999992 0.274654915937354
1.71099999999992 0.271559251702838
1.71199999999992 0.268464573059608
1.71299999999992 0.265370880072432
1.71399999999992 0.26227819124653
1.71499999999992 0.259186515109099
1.71599999999992 0.256095823739691
1.71699999999992 0.253006117203382
1.71799999999992 0.249917419294289
1.71899999999992 0.24682971162353
1.71999999999992 0.243742988251086
1.72099999999992 0.240657272497333
1.72199999999992 0.237572584826299
1.72299999999992 0.234488879913956
1.72399999999992 0.231406157825999
1.72499999999992 0.228324442656472
1.72599999999992 0.2252437256
1.72699999999992 0.222163990488249
1.72799999999992 0.219085237387222
1.72899999999992 0.216007491980891
1.72999999999992 0.212930727989822
1.73099999999992 0.209854945480226
1.73199999999992 0.206780163765795
1.73299999999992 0.203706391538156
1.73399999999992 0.200633599564779
1.73499999999992 0.197561787912304
1.73599999999992 0.194490975090398
1.73699999999992 0.191421146680309
1.73799999999992 0.188352298065538
1.73899999999992 0.185284437923885
1.73999999999992 0.182217591302237
1.74099999999992 0.179151729947898
1.74199999999992 0.176086847008896
1.74299999999992 0.173022960776208
1.74399999999992 0.169960064384431
1.74499999999992 0.166898145537443
1.74599999999992 0.163837204302824
1.74699999999992 0.160777268967056
1.74799999999992 0.157718310307528
1.74899999999992 0.154660328392148
1.74999999999992 0.151603330469639
1.75099999999992 0.148547323372578
1.75199999999992 0.145492292351263
1.75299999999992 0.142438237473787
1.75399999999992 0.139385184709358
1.75499999999992 0.136333113426713
1.75599999999992 0.133282017077583
1.75699999999992 0.130231900299707
1.75799999999992 0.127182776228589
1.75899999999992 0.124134626229031
1.75999999999992 0.121087450369888
1.76099999999992 0.118041260017458
1.76199999999992 0.11499604880523
1.76299999999992 0.111951811071169
1.76399999999992 0.10890854688432
1.76499999999992 0.105866280897071
1.76599999999992 0.102824987184792
1.76699999999992 0.099784665816975
1.76799999999992 0.0967453236486472
1.76899999999992 0.0937069633972135
1.76999999999992 0.0906695746348886
1.77099999999992 0.087633159572695
1.77199999999992 0.0845977278569072
1.77299999999992 0.081563269701881
1.77399999999992 0.078529782105128
1.77499999999992 0.0754972669217469
1.77599999999992 0.0724657291471927
1.77699999999992 0.0694351614254366
1.77799999999991 0.0664055638268094
1.77899999999991 0.0633769452479571
1.77999999999991 0.0603493016936684
1.78099999999991 0.0573226284787633
1.78199999999991 0.0542969241165426
1.78299999999991 0.0512721976626985
1.78399999999991 0.0482484391440067
1.78499999999991 0.0452256486315603
1.78599999999991 0.0422038301137865
1.78699999999991 0.039182984639609
1.78799999999991 0.0361631059841047
1.78899999999991 0.0331441942188058
1.78999999999991 0.0301262508913655
1.79099999999991 0.0271092752955413
1.79199999999991 0.0240932662880934
1.79299999999991 0.021078224918717
1.79399999999991 0.0180641533543249
1.79499999999991 0.0150510471952022
1.79599999999991 0.0120389065134075
1.79699999999991 0.00902773202043407
1.79799999999991 0.00601752300663813
1.79899999999991 0.0030082789758279
1.79999999999991 2.63138797640467e-13
