0.8 0.0365219871466491
0.801 0.0364743114885102
0.802 0.0364265982089304
0.803 0.0363788150328575
0.804 0.0363308654479496
0.805 0.0725657573588205
0.806 0.0724697094285466
0.807 0.0723734190747973
0.808 0.0722769429408062
0.809 0.0721803931708525
0.81 0.0720837697394447
0.811 0.0719628861476756
0.812 0.0718419141985729
0.813000000000001 0.0717208538619863
0.814000000000001 0.0715995926170166
0.815000000000001 0.0714780749151443
0.816000000000001 0.0927634107066183
0.817000000000001 0.113975643463926
0.818000000000001 0.135114288117944
0.819000000000001 0.156179428205187
0.820000000000001 0.177171071468516
0.821000000000001 0.198175837904452
0.822000000000001 0.219124063177665
0.823000000000001 0.240015977718553
0.824000000000001 0.26085127031585
0.825000000000001 0.281628984140067
0.826000000000001 0.281254786512171
0.827000000000001 0.280879209100002
0.828000000000001 0.28050224992828
0.829000000000001 0.280122869207075
0.830000000000001 0.279742105870758
0.831000000000001 0.279262816042449
0.832000000000001 0.278781505013068
0.833000000000001 0.278297969713886
0.834000000000001 0.277812819435487
0.835000000000001 0.311991808424143
0.836000000000001 0.311441435483872
0.837000000000001 0.310889007718626
0.838000000000001 0.310334757458403
0.839000000000001 0.309778463016045
0.840000000000001 0.309219466891784
0.841000000000001 0.308521393837106
0.842000000000001 0.307821174772414
0.843000000000001 0.307118133953895
0.844000000000001 0.306412497095204
0.845000000000001 0.30570471095538
0.846000000000001 0.304994772648544
0.847000000000001 0.304281619687985
0.848000000000001 0.303566314009153
0.849000000000001 0.302848852740695
0.850000000000001 0.302128805258244
0.851000000000001 0.301370981791166
0.852000000000001 0.300610038671299
0.853000000000001 0.299845970525031
0.854000000000001 0.299077952009976
0.855000000000001 0.298306597674516
0.856000000000001 0.297532107701246
0.857000000000001 0.296754273309245
0.858000000000001 0.29597248221865
0.859000000000001 0.295187544985391
0.860000000000001 0.294399456264137
0.861000000000001 0.293466660652651
0.862000000000001 0.292529896585858
0.863000000000001 0.291589555174917
0.864000000000001 0.290645630441079
0.865000000000001 0.289697139672417
0.866000000000001 0.28874506021981
0.867000000000001 0.287789386123664
0.868000000000001 0.286829743925723
0.869000000000001 0.285865948353563
0.870000000000001 0.284898546603856
0.871000000000001 0.283788471315727
0.872000000000001 0.282673635269234
0.873000000000001 0.281554591439754
0.874000000000001 0.280431518302356
0.875000000000001 0.279304227172252
0.876000000000001 0.278172169622354
0.877000000000001 0.277036070658251
0.878000000000001 0.275895923747838
0.879000000000001 0.274751203539641
0.880000000000001 0.273602082333056
0.881000000000001 0.272319904354409
0.882000000000001 0.271033287601104
0.883000000000001 0.269741391107198
0.884000000000001 0.268445049814053
0.885000000000001 0.267144256664212
0.886000000000001 0.265838681862707
0.887000000000001 0.264528162632468
0.888000000000001 0.263213178452597
0.889000000000001 0.261893722281864
0.890000000000001 0.260569154297214
0.891000000000001 0.259121358362541
0.892000000000001 0.257668739075223
0.893000000000001 0.256211136249892
0.894000000000001 0.254748089679526
0.895000000000001 0.253280206010514
0.896000000000001 0.251807477737549
0.897000000000001 0.250329458339572
0.898000000000001 0.24884629365429
0.899000000000001 0.247358270622049
0.900000000000001 0.245865381755084
0.901000000000001 0.244164672576641
0.902000000000001 0.24246033014287
0.903000000000001 0.240752351002769
0.904000000000001 0.239040462962503
0.905000000000001 0.237324535010366
0.906000000000001 0.235604969747552
0.907000000000001 0.233881763747773
0.908000000000001 0.232154402124608
0.909000000000001 0.230423273695853
0.910000000000001 0.228688503884746
0.911000000000001 0.226878791302536
0.912000000000001 0.225064778994287
0.913000000000001 0.223246988099515
0.914000000000001 0.221425415119426
0.915000000000001 0.219599715911065
0.916000000000001 0.217770008140817
0.917000000000001 0.215936517331359
0.918000000000001 0.214099240007829
0.919000000000001 0.212257588051602
0.920000000000001 0.210412152856986
0.921000000000001 0.208516438053247
0.922000000000001 0.206616635430391
0.923000000000001 0.204712643725619
0.924000000000001 0.202804775875679
0.925000000000001 0.200893028378177
0.926000000000001 0.198976977174022
0.927000000000001 0.19705694335209
0.928000000000001 0.1951330295932
0.929000000000001 0.193205134671813
0.930000000000001 0.191272967755563
0.931000000000001 0.189315586092131
0.932000000000001 0.18735428024114
0.933000000000001 0.185388777968261
0.934000000000001 0.18341917301305
0.935000000000001 0.181445642986816
0.936000000000001 0.179468184427515
0.937000000000001 0.177486344932464
0.938000000000001 0.175500580059868
0.939000000000001 0.17351088637389
0.940000000000001 0.171517094607994
0.941000000000001 0.169540660164757
0.942000000000001 0.167560336430724
0.943000000000001 0.16557612002862
0.944000000000001 0.163587706123898
0.945000000000001 0.161595325715381
0.946000000000001 0.159599051732528
0.947000000000001 0.1575988064103
0.948000000000001 0.155594368854607
0.949000000000001 0.153586037168198
0.950000000000001 0.151573808021432
0.951000000000001 0.149605299515922
0.952000000000001 0.147632851029393
0.953000000000001 0.145656592170724
0.954000000000001 0.143676519706042
0.955000000000001 0.141692303894695
0.956000000000001 0.139704277188716
0.957000000000001 0.137712436377942
0.958000000000001 0.135716659324271
0.959000000000001 0.133716889497115
0.960000000000001 0.131713304728395
0.961000000000001 0.129789257559213
0.962000000000001 0.127861322966202
0.963000000000001 0.125929669116141
0.964000000000001 0.123994348390419
0.965000000000001 0.122055305630471
0.966000000000001 0.120112386429059
0.967000000000001 0.118165799548535
0.968000000000001 0.116215541968148
0.969000000000001 0.11426146815992
0.970000000000001 0.112303629123605
0.971000000000001 0.110457224204252
0.972000000000001 0.108607352755423
0.973000000000001 0.106753802107611
0.974000000000001 0.104896786572001
0.975000000000001 0.103036303334786
0.976000000000001 0.101172265473436
0.977000000000001 0.0993046335581873
0.978000000000001 0.0974335332844573
0.979000000000001 0.095558961858045
0.980000000000001 0.0936807691466724
0.981000000000001 0.091942016969167
0.982000000000001 0.0902000484091544
0.983000000000001 0.0884548281131828
0.984000000000001 0.0867062590578066
0.985000000000001 0.0849544723956754
0.986000000000001 0.0831994655700165
0.987000000000001 0.0814411427491799
0.988000000000001 0.0796795378501072
0.989000000000001 0.0779147118596103
0.990000000000001 0.0761466622378835
0.991000000000001 0.0745555303398117
0.992000000000001 0.072961495628286
0.993000000000001 0.071364555827988
0.994000000000001 0.0697646585555559
0.995000000000001 0.0681617805118984
0.996000000000001 0.0665559963224657
0.997000000000001 0.0649473037264783
0.998000000000001 0.0633355979845306
0.999000000000001 0.0617209595735187
1.0 0.0601034125211977
1.001 0.0585788757249605
1.002 0.0570566409285328
1.003 0.0555368275951229
1.004 0.0540194362355288
1.005 0.0525044143208519
1.006 0.0509917841095872
1.007 0.0494815824694777
1.008 0.0479738098871492
1.009 0.0464683886229898
1.01 0.0449654024409727
1.011 0.0436854398684691
1.012 0.0424075187048283
1.013 0.0411316288251891
1.014 0.0398578117888542
1.015 0.0385860679746052
1.016 0.0373163491696354
1.017 0.0360486959028282
1.018 0.0347831210957377
1.019 0.033519614582392
1.02 0.0322581475215112
1.021 0.0312219693203203
1.022 0.0301874969261283
1.023 0.0291547041164617
1.024 0.0281236025026409
1.025 0.0270942106471553
1.026 0.0260665288161597
1.027 0.0250405207809085
1.028 0.0240162262810397
1.029 0.0229936455689429
1.03 0.0219727655822959
1.031 0.0211881701282068
1.032 0.0204048890961382
1.033 0.0196229226696307
1.034 0.0188422507592398
1.035 0.0180628906348367
1.036 0.0172848477475804
1.037 0.0165081172696668
1.038 0.0157326857812019
1.039 0.0149585743837938
1.04 0.0141857832383957
