0.66 0.00341573262587925
0.661 0.00495436098865577
0.662 0.0064939497204849
0.663 0.00803449091634896
0.664 0.00957598265862093
0.665 0.0111184282426456
0.666 0.0126618270402724
0.667 0.0142061544645991
0.668 0.0157514286493514
0.669 0.0172976489650724
0.67 0.0188448007343146
0.671 0.0203924313440534
0.672 0.0219409337489312
0.673 0.0234903073174985
0.674 0.0250405094159672
0.675 0.0265915650907565
0.676 0.0281434835632501
0.677 0.0296962510381035
0.678 0.0312498232875929
0.679 0.0328042495928227
0.68 0.0343595293207398
0.681 0.0481145282908446
0.682 0.0618758495566816
0.683 0.0756435219868875
0.684 0.0894175399864197
0.685 0.103197638803075
0.686 0.116984002926252
0.687 0.130776626768619
0.688 0.144575339462729
0.689 0.158379997731147
0.69 0.172190820318338
0.691 0.184273614216727
0.692 0.19635980169654
0.693 0.208449642241652
0.694 0.220543232379683
0.695 0.232640425946653
0.696 0.244740750188318
0.697 0.256844736552897
0.698 0.268952380270318
0.699 0.281062616071662
0.7 0.293175671644592
0.701 0.293191459626911
0.702 0.293207209027056
0.703 0.293221240574849
0.704 0.293235234326245
0.705 0.293249190286724
0.706 0.293262716030749
0.707 0.293275615665399
0.708 0.293288477978595
0.709 0.293301302975833
0.71 0.293313264878201
0.711 0.293299813720614
0.712 0.293286329674786
0.713 0.293272606088952
0.714 0.293258023373686
0.715 0.29324340846596
0.716 0.293228761379187
0.717 0.293213441590125
0.718 0.293197663166138
0.719 0.29318185328034
0.72 0.29316601194595
0.721 0.293127049173959
0.722 0.293088059634447
0.723 0.293049043346968
0.724 0.293009559506457
0.725 0.292969388325711
0.726 0.292929191320422
0.727 0.29288896850975
0.728 0.29284782470062
0.729 0.292806432112247
0.73 0.292765014654359
0.731 0.292688798433689
0.732 0.292611656033891
0.733 0.292534496813437
0.734 0.292457320800065
0.735 0.292379436677471
0.736 0.292301075863518
0.737 0.292222699516873
0.738 0.292144307664548
0.739 0.292064765124972
0.74 0.291985208294572
0.741 0.291867990172448
0.742 0.291750298992146
0.743 0.291631902231312
0.744 0.29151350119066
0.745 0.291395095904995
0.746 0.291275752947295
0.747 0.291156173795004
0.748 0.291036591996975
0.749 0.290916774339428
0.75 0.290796022011174
0.751 0.290600930838449
0.752 0.290405880946168
0.753 0.290210154178113
0.754 0.29001399170108
0.755 0.289817872791279
0.756 0.289621797492987
0.757 0.289424604341056
0.758 0.289227456977209
0.759 0.289030355443678
0.76 0.288832822730972
0.761 0.288581489275929
0.762 0.288330230859527
0.763 0.288079047530285
0.764 0.28782701424306
0.765 0.287574827125679
0.766 0.287322717748574
0.767 0.287070445571404
0.768 0.286817290450299
0.769 0.286564215819336
0.77 0.286311221721517
0.771 0.286004632666301
0.772 0.285697700792229
0.773 0.285390880333123
0.774 0.285084171335787
0.775 0.284776379639565
0.776 0.284468702548077
0.777 0.284161140104694
0.778 0.283853241724721
0.779 0.283544784154624
0.78 0.283236444241659
0.781 0.282945087941841
0.782 0.282652760814452
0.783 0.282360177306126
0.784 0.282067575013849
0.785 0.281774730114438
0.786 0.281480972699058
0.787 0.281187199374238
0.788 0.280893410181929
0.789 0.280598917075982
0.79 0.280303951719582
0.791 0.279934333410584
0.792 0.279564701977477
0.793 0.279193947702547
0.794 0.27882318374069
0.795 0.278452410140263
0.796 0.278081178309006
0.797 0.277709266344201
0.798 0.277337348269128
0.799 0.276965424130416
0.8 0.276592287774238
0.801 0.27589650074959
0.802 0.275201507195022
0.803 0.274507063808387
0.804 0.273812444335924
0.805 0.242772111369294
0.806 0.227911618756439
0.807 0.213123731908238
0.808 0.198408581514191
0.809 0.183766393906005
0.81 0.169197042627004
0.811 0.154648424560035
0.812 0.140181926844343
0.813000000000001 0.125797396934119
0.814000000000001 0.111494507095127
0.815000000000001 0.097273095441788
0.816000000000001 0.0768983070036073
0.817000000000001 0.0587137344865605
0.818000000000001 0.0427008002393604
0.819000000000001 0.0288412911959254
0.820000000000001 0.017116870293424
0.821000000000001 0.0143488545089685
0.822000000000001 0.0117784600213193
0.823000000000001 0.00940434973603095
0.824000000000001 0.00722513320734632
0.825000000000001 0.00523940692437847
0.826000000000001 0.00492256183286102
0.827000000000001 0.00460726881917634
0.828000000000001 0.00429352870512327
0.829000000000001 0.00398132755250583
0.830000000000001 0.00367068321921526
0.831000000000001 0.00336042755063759
0.832000000000001 0.00305193424600527
0.833000000000001 0.00274520336445795
0.834000000000001 0.00244024295089346
0.835000000000001 0.00106852684011526
0.836000000000001 0.000917815344976186
0.837000000000001 0.000767990404039931
0.838000000000001 0.000619053131697206
0.839000000000001 0.000471003499143586
