1.14799999999998 0.000914490198763299
1.14899999999998 0.00109568209322676
1.14999999999998 0.0012949924904568
1.15099999999998 0.00154627310569041
1.15199999999998 0.00184373232198227
1.15299999999998 0.00220179076590534
1.15399999999998 0.00266626268850014
1.15499999999998 0.00328325032922411
1.15599999999998 0.00398210737620454
1.15699999999998 0.0048718578527877
1.15799999999998 0.00587321793270961
1.15899999999998 0.00700104475911309
1.15999999999998 0.00827028296119446
1.16099999999998 0.0097592696435768
1.16199999999998 0.0115410667251696
1.16299999999998 0.0135823975803804
1.16399999999998 0.0162139929925275
1.16499999999998 0.0193227957113898
1.16599999999998 0.0233662725671917
1.16699999999998 0.0284939691585402
1.16799999999998 0.0353159388367984
1.16899999999998 0.0439303500084168
1.16999999999998 0.0546314326625104
1.17099999999998 0.0673177148351298
1.17199999999998 0.0818461237799348
1.17299999999998 0.0979465722979694
1.17399999999998 0.114971417329901
1.17499999999998 0.132342485690416
1.17599999999998 0.149333766819678
1.17699999999998 0.165188182791383
1.17799999999998 0.179601844594581
1.17899999999998 0.192192184987313
1.17999999999998 0.202926932781326
1.18099999999998 0.211916080223368
1.18199999999998 0.219294063639229
1.18299999999998 0.22525590900341
1.18399999999998 0.22994709035911
1.18499999999998 0.233627419150552
1.18599999999998 0.236498582379011
1.18699999999998 0.238658711921434
1.18799999999998 0.240032540803333
1.18899999999998 0.240658402395748
1.18999999999998 0.240734587257077
1.19099999999998 0.240571979282733
1.19199999999998 0.24026602724077
1.19299999999998 0.240160625086118
1.19399999999998 0.240405075845101
1.19499999999998 0.24112829303647
1.19599999999998 0.242253426312855
1.19699999999998 0.243715444321208
1.19799999999998 0.245464104643351
1.19899999999998 0.24739391768792
1.19999999999998 0.249172683695647
1.20099999999998 0.250612507141092
1.20199999999998 0.251589753173369
1.20299999999998 0.252160806428015
1.20399999999998 0.2523179661612
1.20499999999998 0.252102710494907
1.20599999999998 0.251790638312118
1.20699999999998 0.251331969519464
1.20799999999998 0.250899065371914
1.20899999999998 0.250532204030981
1.20999999999998 0.250253266850638
1.21099999999998 0.250242264377592
1.21199999999998 0.250487880804159
1.21299999999998 0.25092587799861
1.21399999999998 0.251622234815928
1.21499999999998 0.252459660102425
1.21599999999998 0.253497943843441
1.21699999999998 0.254625442694841
1.21799999999998 0.255779915050263
1.21899999999998 0.256939626164584
1.21999999999998 0.258066983913738
1.22099999999998 0.25925907734929
1.22199999999998 0.26028682028959
1.22299999999998 0.261291166705523
1.22399999999998 0.262303516643874
1.22499999999998 0.2633080398836
1.22599999999998 0.264330046176514
1.22699999999998 0.265239978231196
1.22799999999998 0.266100686378947
1.22899999999998 0.266934150901366
1.22999999999998 0.267737134991436
1.23099999999998 0.268239846993036
1.23199999999998 0.26867901359959
1.23299999999998 0.269140374810554
1.23399999999997 0.26967472463758
1.23499999999997 0.270170985847501
1.23599999999997 0.270578349290894
1.23699999999997 0.270865126786967
1.23799999999997 0.27110430430377
1.23899999999997 0.271210146292709
1.23999999999997 0.271163628483551
1.24099999999997 0.271110766133088
1.24199999999997 0.271118196485337
1.24299999999997 0.271090658708182
1.24399999999997 0.271002823325144
1.24499999999997 0.270810261236536
1.24599999999997 0.270478027513976
1.24699999999997 0.270174297503314
1.24799999999997 0.269934033339053
1.24899999999997 0.269633469076701
1.24999999999997 0.269393163240105
1.25099999999997 0.269295653877241
1.25199999999997 0.26935364510728
1.25299999999997 0.269344972671854
1.25399999999997 0.269314012558
1.25499999999997 0.269314785959268
1.25599999999997 0.269537707391439
1.25699999999997 0.269852626963685
1.25799999999997 0.270186564469189
1.25899999999997 0.270552237756352
1.25999999999997 0.271041681594177
1.26099999999997 0.271493019434822
1.26199999999997 0.272128427587805
1.26299999999997 0.272627370966025
1.26399999999997 0.273145320719838
1.26499999999997 0.27340932545262
1.26599999999997 0.273708239502922
1.26699999999997 0.273756434007688
1.26799999999997 0.273671298009548
1.26899999999997 0.273513156582339
1.26999999999997 0.273313754771631
1.27099999999997 0.272946133268317
1.27199999999997 0.272448340061703
1.27299999999997 0.271896590373335
1.27399999999997 0.271401963366337
1.27499999999997 0.270996179629576
1.27599999999997 0.270552296927165
1.27699999999997 0.269981462290786
1.27799999999997 0.26951535657936
1.27899999999997 0.269303087099044
1.27999999999997 0.269278064983285
1.28099999999997 0.269319693746683
1.28199999999997 0.269402562071485
1.28299999999997 0.269402885671332
1.28399999999997 0.269377817355455
1.28499999999997 0.269321009539058
1.28599999999997 0.269311771433494
1.28699999999997 0.269305696476888
1.28799999999997 0.269229796882555
1.28899999999997 0.268976159061967
1.28999999999997 0.268659021387774
1.29099999999997 0.268221278087984
1.29199999999997 0.267897787712847
1.29299999999997 0.267526662580751
1.29399999999997 0.267066652183801
1.29499999999997 0.266527294801744
1.29599999999997 0.265918111614164
1.29699999999997 0.265432660613975
1.29799999999997 0.265042420576171
1.29899999999997 0.264702958703426
1.29999999999997 0.264309529336636
1.30099999999997 0.263871652855218
1.30199999999997 0.26344329543399
1.30299999999997 0.262941938621141
1.30399999999997 0.262465948043368
1.30499999999997 0.261977254660758
1.30599999999997 0.261663117530749
1.30699999999997 0.261390232204124
1.30799999999997 0.261120497116321
1.30899999999997 0.260787284183783
1.30999999999997 0.260476285772986
1.31099999999997 0.260438215319079
1.31199999999997 0.260447739023915
1.31299999999997 0.26058738627493
1.31399999999997 0.260714336419207
1.31499999999997 0.260755565235762
1.31599999999997 0.260853920346882
1.31699999999997 0.260907840415526
1.31799999999997 0.260790368974199
1.31899999999997 0.260326945238881
1.31999999999997 0.259355713458776
1.32099999999997 0.25754660428665
1.32199999999997 0.254912287893006
1.32299999999997 0.251129055051193
1.32399999999996 0.246193738460309
1.32499999999996 0.24005873302122
1.32599999999996 0.23250822405602
1.32699999999996 0.223535863628119
1.32799999999996 0.213040092333448
1.32899999999996 0.201233535948349
1.32999999999996 0.188119379655863
1.33099999999996 0.173976931750981
1.33199999999996 0.158974404244757
1.33299999999996 0.1435307301693
1.33399999999996 0.128001381274159
1.33499999999996 0.112729125185099
1.33599999999996 0.0979456472121599
1.33699999999996 0.0839302381932233
1.33799999999996 0.0709114074015517
1.33899999999996 0.0592573096954153
1.33999999999996 0.0491044126334576
1.34099999999996 0.0403733725013665
1.34199999999996 0.0328737608857801
1.34299999999996 0.0266500074775872
1.34399999999996 0.0215592899916902
1.34499999999996 0.0174714849016247
1.34599999999996 0.0141549064581953
1.34699999999996 0.0114762557268091
1.34799999999996 0.00936253512520471
1.34899999999996 0.00770900991701524
1.34999999999996 0.00633477608818867
1.35099999999996 0.0052303118281931
1.35199999999996 0.00430992570930011
1.35299999999996 0.00356092238356179
1.35399999999996 0.00291030570962791
1.35499999999996 0.00244059223425384
1.35599999999996 0.00217399761378655
1.35699999999996 0.00184075542119347
1.35799999999996 0.00162176744374248
1.35899999999996 0.00122187838718793
1.35999999999996 0.00103145476593364
1.36099999999996 0.000882289679657527
1.36199999999996 0.00072995118306729
