0.36 0.000912983485068477
0.361 0.00161692595397097
0.362 0.00269826923893231
0.363 0.00425995067399998
0.364 0.00636188670958019
0.365 0.00914048561725984
0.366 0.0126705023414298
0.367 0.016700510513582
0.368 0.0218219782930342
0.369 0.0272325207718782
0.37 0.0335768137162988
0.371 0.0401024435883271
0.372 0.0473653732612516
0.373 0.0554044816447672
0.374 0.0628502709180919
0.375 0.071077947952306
0.376 0.0798796428961554
0.377 0.0880207493864331
0.378 0.0969800009906632
0.379 0.105738086787803
0.38 0.114537606726161
0.381 0.122512141341143
0.382 0.130401530303637
0.383 0.138193565370004
0.384 0.145880979553686
0.385 0.1537420035584
0.386 0.160307711549562
0.387 0.167898480862928
0.388 0.174745887821877
0.389 0.182034464576322
0.39 0.188535729417233
0.391 0.19412909927298
0.392 0.199793753784643
0.393 0.20520990754804
0.394 0.211010485149819
0.395 0.214949550737827
0.396 0.219904796429625
0.397 0.224258573256207
0.398 0.229649342832875
0.399 0.233772794996385
0.4 0.237937748659826
0.401 0.240916777807229
0.402 0.24323608308556
0.403 0.246583443307002
0.404 0.249607556945713
0.405 0.252305326493642
0.406 0.255359477477818
0.407 0.257395666309996
0.408 0.259785171421775
0.409 0.262532370910646
0.41 0.263549630491341
0.411 0.265231285500185
0.412 0.265867979047019
0.413 0.268953433555076
0.414 0.269593868807464
0.415 0.27058730197508
0.416 0.27158205009886
0.417 0.272578110959619
0.418 0.273928336418863
0.419 0.274930449798292
0.42 0.275229083297079
0.421 0.275987267608165
0.422 0.276748775684065
0.423 0.276453345313013
0.424 0.276862973088962
0.425 0.276568003957847
0.426 0.276982260642211
0.427 0.277396501474862
0.428 0.277810725597156
0.429 0.276815972008165
0.43 0.277235451294488
0.431 0.276406421038671
0.432 0.27593079711362
0.433 0.2754615697538
0.434 0.276402787796687
0.435 0.275228607387154
0.436 0.274057933345694
0.437 0.273596310497188
0.438 0.272782922987333
0.439 0.271970030909824
0.44 0.272218377999477
0.441 0.271286099170887
0.442 0.269301657206814
0.443 0.269075706535
0.444 0.268154576574145
0.445 0.266884330703393
0.446 0.26456592031605
0.447 0.263654086819982
0.448 0.262047539978671
0.449 0.260443185016501
0.45 0.258492180095761
0.451 0.256779732214669
0.452 0.255418879137402
0.453 0.253365671710968
0.454 0.250972798649986
0.455 0.24962976242459
0.456 0.247250527973571
0.457 0.244876472309295
0.458 0.242858881885514
0.459 0.240501929246662
0.46 0.237805362973934
0.461 0.235134911815311
0.462 0.232819201179856
0.463 0.229133897143283
0.464 0.225799226872291
0.465 0.222132536157859
0.466 0.218475830283732
0.467 0.214484289607291
0.468 0.209817263484353
0.469 0.204824458982979
0.47 0.200182481697515
0.471 0.194572979811789
0.472 0.18965536277319
0.473 0.184068040440014
0.474 0.179168953339021
0.475 0.1735976673488
0.476 0.168378118533268
0.477 0.163167047632978
0.478 0.157624443995873
0.479 0.152090670579473
0.48 0.146906706234933
0.481 0.141076136656022
0.482 0.13558991960879
0.483 0.130111812089196
0.484 0.124640809880222
0.485 0.118837739324751
0.486 0.114052855230003
0.487 0.108938631372201
0.488 0.103829309524319
0.489 0.098724888715711
0.49 0.0942999777666754
0.491 0.0898676074213089
0.492 0.0857768969708458
0.493 0.0816910599063116
0.494 0.0779477492941961
0.495 0.0745449318793915
0.496 0.0711459918056165
0.497 0.0680866812707665
0.498 0.0653673908031943
0.499 0.0626510615721704
0.5 0.0596028459340964
0.501 0.0568665159292831
0.502 0.0538019424227509
0.503 0.0507434324509377
0.504 0.0473574778415698
0.505 0.044312489882585
0.506 0.0412734035672313
0.507 0.0382402145024569
0.508 0.0355454498369992
0.509 0.0328895224885172
0.51 0.0305702017893161
0.511 0.0283385709522549
0.512 0.0264403388671315
0.513 0.0245766266711403
0.514 0.0227803833207676
0.515 0.0211178338144848
0.516 0.0194567224447409
0.517 0.0178628094773417
0.518 0.0164021701173044
0.519 0.0150087513900167
0.52 0.0136162847984937
0.521 0.0123875097263357
0.522 0.0112259460341346
0.523 0.01016470350887
0.524 0.00920339642286645
0.525 0.00827594384665372
0.526 0.00744827076945742
0.527 0.00675319162543444
0.528 0.00609165214290773
0.529 0.00556234838486166
0.53 0.00506648364985967
0.531 0.00467316688726882
0.532 0.00431252001439097
0.533 0.00401751884287567
0.534 0.00378826318150143
0.535 0.00355885364059026
0.536 0.00339521691110486
0.537 0.00325458494560032
0.538 0.00315345966200269
0.539 0.00305556242554718
0.54 0.00300710916943001
0.541 0.00297019976235367
0.542 0.00296960006437458
0.543 0.00297559808359693
0.544 0.00301789212222009
0.545 0.0030931733626028
0.546 0.00318820819883972
0.547 0.00332935666384296
0.548 0.00349356218612888
0.549 0.00365772003945267
0.55 0.00388771418576831
0.551 0.00415217768359395
0.552 0.00441680109127781
0.553 0.00471451095319689
0.554 0.00497937733038962
0.555 0.00524440117216999
0.556 0.00547658295410272
0.557 0.00567587390093167
0.558 0.00580924344538926
0.559 0.00590973036813316
0.56 0.00594421861962505
0.561 0.00591133913491293
0.562 0.00584545848612323
0.563 0.00574658578184939
0.564 0.00554862290512592
0.565 0.00531761681352471
0.566 0.00505360644274043
0.567 0.00478958264895769
0.568 0.00445946818858798
0.569 0.00409629690765712
0.57 0.00376615699179754
0.571 0.00340416811628396
0.572 0.0030418770367662
0.573 0.00268922188245459
0.574 0.00235613282583372
0.575 0.00204593475700469
0.576 0.00176528116271477
0.577 0.00149434234204532
0.578 0.00126294739278373
0.579 0.00106119899502555
0.58 0.000875867786449856
0.581 0.000720053248298307
0.582 0.000594056960306544
0.583 0.000484616297881479
0.584 0.000398381316430899
0.585 0.000326063597658642
0.586 0.000272318856913896
0.587 0.000227856547967735
0.588 0.000192682005057277
0.589 0.000166798663839063
0.59 0.000146888138682054
0.591 0.000132997120886988
0.592 0.000121420984951156
0.593 0.000114492693842496
0.594 0.000108223342201166
0.595 0.000105612987840144
0.596 0.000102999908020978
0.597 0.000101718112301275
0.598 0.000101769831064746
0.599 0.000101487991207657
0.6 0.000100871778525928
0.601 9.989404843348e-05
0.602 9.99186991482655e-05
0.603 9.92749056958159e-05
0.604 9.82964239908664e-05
0.605 9.63142348060546e-05
0.606 9.39968276258901e-05
0.607 9.13436395261519e-05
0.608 8.96931237328945e-05
0.609 8.73724209623955e-05
0.61 8.5050642073428e-05
0.611 8.2415546675561e-05
0.612 7.87719963495592e-05
0.613 7.54601394563984e-05
0.614 7.21447008455551e-05
0.615 6.98328874912767e-05
0.616 6.61749821892986e-05
0.617 6.31854206031251e-05
0.618 6.01926249862912e-05
0.619 5.68601464440704e-05
0.62 5.25142846745773e-05
0.621 4.95064180642859e-05
0.622 4.64958741338691e-05
0.623 4.24714447857404e-05
0.624 3.94551745222431e-05
0.625 3.64362208082944e-05
0.626 3.33808329973852e-05
0.627 3.06266656639584e-05
0.628 2.80727602801297e-05
0.629 2.54151947823259e-05
0.63 2.30933884033776e-05
0.631 2.05316325640216e-05
0.632 1.8576968272421e-05
0.633 1.70946983604904e-05
0.634 1.51371866419893e-05
0.635 1.33475490295402e-05
0.636 1.22682156194325e-05
0.637 1.09507217856245e-05
0.638 1.01748703260057e-05
0.639 9.16091177573321e-06
0.64 8.24799492374527e-06
0.641 7.67317191422624e-06
0.642 7.06405583686561e-06
0.643 6.2847312805932e-06
0.644 6.25254608020267e-06
0.645 5.67648483149821e-06
0.646 5.27009567622456e-06
0.647 5.23758652720856e-06
0.648 4.76279743923901e-06
0.649 4.66206047000747e-06
0.65 4.4251076932292e-06
0.651 4.46070191810727e-06
0.652 4.36006586825277e-06
0.653 4.22528139641561e-06
0.654 4.29492167508727e-06
0.655 4.1600175566123e-06
0.656 4.33200751275408e-06
0.657 4.23113713808626e-06
0.658 4.13019544015829e-06
0.659 4.30234633067634e-06
0.66 4.09887915105478e-06
0.661 4.51017690001735e-06
0.662 4.47740743886045e-06
0.663 4.64974793456783e-06
0.664 5.19839058610832e-06
0.665 5.20000336271411e-06
0.666 5.33850004941209e-06
0.667 5.78515687835474e-06
0.668 6.12936027876923e-06
0.669 6.26825695169948e-06
0.67 6.71560171622843e-06
0.671 7.09450972809927e-06
0.672 7.67932681212583e-06
0.673 7.81867163268566e-06
0.674 8.40400658481081e-06
0.675 8.54361252593339e-06
0.676 9.0608288545098e-06
0.677 9.61265929557102e-06
0.678 9.89005396354599e-06
0.679 1.0854599865269e-05
0.68 1.10294089119566e-05
0.681 1.13756491887633e-05
0.682 1.15845340558894e-05
0.683 1.20341966797317e-05
0.684 1.24152815134986e-05
0.685 1.25557127210404e-05
0.686 1.24897626653614e-05
0.687 1.29744179715179e-05
0.688 1.27363989526686e-05
0.689 1.23949563441765e-05
0.69 1.23977390629201e-05
0.691 1.21930578378915e-05
0.692 1.15059953976568e-05
0.693 1.17834343217591e-05
0.694 1.08548622186872e-05
0.695 1.0098317748499e-05
0.696 1.00309237049011e-05
0.697 8.86028151598569e-06
0.698 8.65474967280106e-06
0.699 8.31117674518632e-06
0.7 7.62256746275921e-06
0.701 7.10558125684032e-06
0.702 6.72651832473818e-06
0.703 6.24388759341725e-06
0.704 5.89920294938645e-06
0.705 4.79548675880646e-06
0.706 4.89921243251342e-06
0.707 4.07135560570784e-06
0.708 3.89901153077418e-06
0.709 3.65763977828675e-06
0.71 3.31271452097711e-06
0.711 2.65695125370443e-06
0.712 2.79484620043019e-06
0.713 2.41518616779128e-06
0.714 2.13905852343163e-06
0.715 2.2424495941513e-06
0.716 1.75937256827508e-06
0.717 1.62129785349824e-06
0.718 1.3107660235663e-06
0.719 1.41417129229334e-06
0.72 1.20715416683618e-06
0.721 9.65594985514207e-07
0.722 9.30985601191819e-07
0.723 1.06876709926532e-06
0.724 7.9284939631159e-07
0.725 7.92740697822387e-07
0.726 4.13547093628855e-07
0.727 4.8240535989847e-07
0.728 6.54601019918998e-07
0.729 5.51165048681785e-07
0.73 2.75543543204137e-07
0.731 3.78773739149456e-07
0.732 3.09824106388848e-07
0.733 3.78574054699708e-07
0.734 2.75253948988239e-07
0.735 1.031927423568e-07
0.736 2.4071853306404e-07
0.737 1.37516564478574e-07
0.738 2.74959348390163e-07
0.739 2.74884484823469e-07
0.74 1.71756004879125e-07
0.741 6.86748212170696e-08
0.742 1.37294258349314e-07
0.743 3.43096355566158e-07
0.744 6.8591412044907e-08
0.745 2.0569065593288e-07
0.746 3.42677356409267e-08
0.747 2.39775672537028e-07
0.748 1.36958396233848e-07
0.749 6.84510057269016e-08
0.751 5.69350313637086e-20
0.752 1.70826988791818e-07
0.753 3.41423710798349e-08
0.754 2.04715758847787e-07
0.755 1.02288660985146e-07
0.756 6.8146305292513e-08
0.757 2.04299720711265e-07
0.758 1.13331876031722e-20
0.759 3.4003571228702e-08
0.76 1.35921328343987e-07
0.761 1.35803053776908e-07
0.762 1.35684814522142e-07
0.763 1.69458263253086e-07
0.764 1.01586005026951e-07
0.765 6.7664665206031e-08
0.766 3.38026726763141e-08
0.767 6.75459871932941e-08
0.768 1.34972842564801e-07
0.77 5.98342231649481e-20
0.771 1.34590415372407e-07
0.772 2.01668965265043e-07
0.773 6.71507953724847e-08
0.774 3.35393142748432e-08
0.775 1.34012413947986e-07
0.776 3.34669061821416e-08
0.777 6.6861444730546e-08
0.778 1.33577996105692e-07
0.779 1.48140210767451e-20
0.78 3.3321934616799e-08
0.781 3.32876574049181e-07
0.782 2.32772861847166e-07
0.783 1.66094221944751e-07
0.784 9.95532617696084e-08
0.785 1.32599872995044e-07
0.786 1.65577042764093e-07
0.787 3.30808469852192e-08
0.788 6.60925671016304e-08
0.789 6.60232746061134e-08
0.79 6.59538709929161e-08
0.791 2.30534156926407e-07
0.792 3.28899649385194e-07
0.793 1.64231733942675e-07
0.794 1.64013637494553e-07
0.795 2.29313749527188e-07
0.796 3.27154327424104e-08
0.797 4.247318191145e-07
0.798 6.52558466517478e-08
0.799 4.88762513171148e-07
0.8 9.76208074497456e-08
0.801 1.29833647411557e-07
0.802 9.71299437159333e-08
0.803 1.93769692099981e-07
0.804 6.44264574907914e-08
0.805 2.85614248670145e-08
0.806 1.1395580937821e-07
0.807 8.52494927632598e-08
0.808 1.2587301456016e-20
0.809 2.82717529086422e-08
0.81 8.45985213135427e-08
0.811 1.68707372247268e-07
0.812 5.60727707377646e-08
0.813000000000001 1.11819908385901e-07
0.814000000000001 1.39368133868879e-07
0.815000000000001 5.5584625966789e-08
0.816000000000001 1.53796614007192e-07
0.817000000000001 7.04564813838581e-08
0.818000000000001 2.13504001196921e-08
0.819000000000001 3.84550549279062e-08
0.820000000000001 3.42337405868562e-08
0.821000000000001 4.50749356302617e-08
0.822000000000001 2.58867253215871e-08
0.823000000000001 3.26162418590532e-08
0.824000000000001 3.9129313379414e-21
0.825000000000001 6.76052506371433e-09
0.826000000000001 6.74323538747805e-09
0.827000000000001 1.4934586638503e-20
0.828000000000001 3.35431930087766e-08
0.829000000000001 3.34565340546601e-08
0.830000000000001 6.67396948947957e-09
0.831000000000001 2.95510814994275e-21
0.832000000000001 6.63463966523209e-09
0.833000000000001 1.32298957323252e-08
0.834000000000001 6.59525121864011e-09
0.835000000000001 1.31510995706502e-08
0.836000000000001 1.31116477853707e-08
0.837000000000001 3.26804427251062e-09
0.838000000000001 3.25817437735695e-09
0.839000000000001 9.74489998228532e-09
