1.42499999999995 0.000288908557339021
1.42599999999995 0.000347248209028338
1.42699999999995 0.000427812698615382
1.42799999999995 0.000466707928123071
1.42899999999995 0.000466711090922268
1.42999999999995 0.000427821418603087
1.43099999999995 0.000330591535331288
1.43199999999995 0.000372265276561279
1.43299999999995 0.000344486637708069
1.43399999999995 0.00032226390811401
1.43499999999995 0.000372272932511915
1.43599999999995 0.000433395341756098
1.43699999999995 0.000513965966229967
1.43799999999995 0.000577868430837939
1.43899999999995 0.000577872420023399
1.43999999999995 0.000508420106552818
1.44099999999995 0.000458414792183802
1.44199999999995 0.00049175750137708
1.44299999999995 0.000513987433208558
1.44399999999995 0.000627902590698316
1.44499999999995 0.000677917358151287
1.44599999999995 0.000711262615228048
1.44699999999995 0.000775170624207127
1.44799999999995 0.000797403441259636
1.44899999999995 0.000808522864941909
1.44999999999995 0.000836313135881907
1.45099999999995 0.000839097589958584
1.45199999999995 0.000861331543801734
1.45299999999995 0.000944693006334806
1.45399999999995 0.00103361271899363
1.45499999999995 0.001078076963993
1.45599999999995 0.00110309188958102
1.45699999999995 0.0011920147186044
1.45799999999995 0.0013003890892616
1.45899999999995 0.00153102497534016
1.45999999999995 0.00177555751279433
1.46099999999995 0.00204232301700559
1.46199999999995 0.00232298601389816
1.46299999999995 0.00272591668827269
1.46399999999995 0.00324278143200563
1.46499999999995 0.00390137033070108
1.46599999999995 0.0047239167763389
1.46699999999995 0.00580768225529492
1.46799999999995 0.0072721616862338
1.46899999999995 0.00903677751826411
1.46999999999995 0.011346076890392
1.47099999999995 0.0142334179693378
1.47199999999995 0.0175459743199673
1.47299999999995 0.0216728067616891
1.47399999999995 0.0265611343846323
1.47499999999995 0.032124825598242
1.47599999999995 0.0387223850644016
1.47699999999995 0.0461370770303661
1.47799999999995 0.0543105586888775
1.47899999999995 0.0633901372082315
1.47999999999995 0.0731284996222785
1.48099999999995 0.0836479458920961
1.48199999999995 0.0947400550851355
1.48299999999995 0.106377049120062
1.48399999999995 0.118542282555257
1.48499999999995 0.130991190965719
1.48599999999995 0.14382938690678
1.48699999999995 0.156717814068716
1.48799999999995 0.169612006252278
1.48899999999995 0.182292400024658
1.48999999999995 0.194375447491382
1.49099999999995 0.205811128382046
1.49199999999995 0.216160287167589
1.49299999999995 0.225219989786114
1.49399999999995 0.233148629376023
1.49499999999995 0.23970717816474
1.49599999999995 0.245295812678866
1.49699999999995 0.249881155331753
1.49799999999995 0.253343681718374
1.49899999999995 0.256086400985929
1.49999999999995 0.258000866887444
1.50099999999995 0.259459520117463
1.50199999999995 0.260592988063074
1.50299999999995 0.261404040926146
1.50399999999995 0.262026091749578
1.50499999999995 0.262520300169478
1.50599999999994 0.263214700408033
1.50699999999994 0.263784024900814
1.50799999999994 0.264278305212456
1.50899999999994 0.264803179508476
1.50999999999994 0.2650222943091
1.51099999999994 0.26536928117708
1.51199999999994 0.265632878029304
1.51299999999994 0.265763092891586
1.51399999999994 0.265787673706644
1.51499999999994 0.26573719637599
1.51599999999994 0.265611665759559
1.51699999999994 0.265547299876448
1.51799999999994 0.265402312376349
1.51899999999994 0.264993222463125
1.51999999999994 0.264714833388473
1.52099999999994 0.264410540433041
1.52199999999994 0.264303633662489
1.52299999999994 0.264338499409331
1.52399999999994 0.264292778140229
1.52499999999994 0.264119206708296
1.52599999999994 0.263881725213588
1.52699999999994 0.263674841990562
1.52799999999994 0.26373476125015
1.52899999999994 0.263844689747297
1.52999999999994 0.26406575193353
1.53099999999994 0.264295186918968
1.53199999999994 0.264391231026662
1.53299999999994 0.264415025828934
1.53399999999994 0.264405482764425
1.53499999999994 0.264393168482825
1.53599999999994 0.264519747529137
1.53699999999994 0.264551865506731
1.53799999999994 0.264581236282979
1.53899999999994 0.264818925022898
1.53999999999994 0.264864946214666
1.54099999999994 0.265043295321686
1.54199999999994 0.26514110716254
1.54299999999994 0.265063966001879
1.54399999999994 0.265034027366925
1.54499999999994 0.265112367589223
1.54599999999994 0.265257311484653
1.54699999999994 0.265435520806882
1.54799999999994 0.26545272588749
1.54899999999994 0.26528959938368
1.54999999999994 0.265132045487616
1.55099999999994 0.264927351130962
1.55199999999994 0.264828113505489
1.55299999999994 0.264809343187007
1.55399999999994 0.264748965349211
1.55499999999994 0.264760691804972
1.55599999999994 0.264639333950022
1.55699999999994 0.26440986676872
1.55799999999994 0.264349546730926
1.55899999999994 0.264075793559981
1.55999999999994 0.264037721012323
1.56099999999994 0.264116027515653
1.56199999999994 0.263914420719762
1.56299999999994 0.263965023253216
1.56399999999994 0.264054412566839
1.56499999999994 0.264215801868614
1.56599999999994 0.264410388646779
1.56699999999994 0.264726826573153
1.56799999999994 0.264882561069244
1.56899999999994 0.265010562028965
1.56999999999994 0.265177316249646
1.57099999999994 0.265291459996788
1.57199999999994 0.265388960546052
1.57299999999994 0.265569472772736
1.57399999999994 0.265821913635569
1.57499999999994 0.265916549766636
1.57599999999994 0.265983484613264
1.57699999999994 0.266133415889504
1.57799999999994 0.266302722914456
1.57899999999994 0.266530078951128
1.57999999999994 0.266757378670821
1.58099999999994 0.26686844888633
1.58199999999994 0.266843983257522
1.58299999999994 0.266791860369617
1.58399999999994 0.266866925591138
1.58499999999994 0.266762324852209
1.58599999999994 0.266876121571161
1.58699999999994 0.266962244121981
1.58799999999994 0.266854884693026
1.58899999999994 0.266979693379634
1.58999999999994 0.266985646710829
1.59099999999994 0.267021981544571
1.59199999999994 0.267171619303021
1.59299999999994 0.267194158239167
1.59399999999994 0.267247066028304
1.59499999999994 0.267369005666927
1.59599999999994 0.267432943200658
1.59699999999993 0.267427825575403
1.59799999999993 0.267245994651604
1.59899999999993 0.267031081304025
1.59999999999993 0.266774807867244
1.60099999999993 0.266535143556666
1.60199999999993 0.266256908353672
1.60299999999993 0.265843615361149
1.60399999999993 0.265521476824343
1.60499999999993 0.265133231526805
1.60599999999993 0.264772693577465
1.60699999999993 0.264335081984505
1.60799999999993 0.263737701698232
1.60899999999993 0.263242487269304
1.60999999999993 0.262940359491018
1.61099999999993 0.262778850579959
1.61199999999993 0.262672479408904
1.61299999999993 0.262406371311101
1.61399999999993 0.262234011983306
1.61499999999993 0.262023141984998
1.61599999999993 0.261743494777738
1.61699999999993 0.261708948056497
1.61799999999993 0.261712948072924
1.61899999999993 0.26180499115685
1.61999999999993 0.261987785520398
1.62099999999993 0.26208800534179
1.62199999999993 0.26209190846233
1.62299999999993 0.262288299875022
1.62399999999993 0.262237175706928
1.62499999999993 0.262362045524378
1.62599999999993 0.262390653530182
1.62699999999993 0.262196626133301
1.62799999999993 0.262326927275558
1.62899999999993 0.262143978245121
1.62999999999993 0.262117648430914
1.63099999999993 0.262096810843432
1.63199999999993 0.262086973640168
1.63299999999993 0.262283042971487
1.63399999999993 0.262207264080231
1.63499999999993 0.261972339087706
1.63599999999993 0.261715545713238
1.63699999999993 0.261513696435988
1.63799999999993 0.261440834720313
1.63899999999993 0.261491428019103
1.63999999999993 0.261306138524263
1.64099999999993 0.261000259296894
1.64199999999993 0.26078221845087
1.64299999999993 0.260495741967311
1.64399999999993 0.26056562937209
1.64499999999993 0.260616296981283
1.64599999999993 0.260658750026268
1.64699999999993 0.260923067928641
1.64799999999993 0.261011996179494
1.64899999999993 0.261289840639071
1.64999999999993 0.261499166309873
1.65099999999993 0.26145107987126
1.65199999999993 0.261531636755798
1.65299999999993 0.26130020212147
1.65399999999993 0.260962134045318
1.65499999999993 0.260793777204496
1.65599999999993 0.260707518890473
1.65699999999993 0.260799070198699
1.65799999999993 0.26084135669434
1.65899999999993 0.26086447610079
1.65999999999993 0.260597849081593
1.66099999999993 0.260328618929838
1.66199999999993 0.260395575061934
1.66299999999993 0.260358670675669
1.66399999999993 0.260272604384304
1.66499999999993 0.260181091267014
1.66599999999993 0.259854738717059
1.66699999999993 0.259643163423846
1.66799999999993 0.259674645349595
1.66899999999993 0.259566895825232
1.66999999999993 0.259748448475778
1.67099999999993 0.259798988329951
1.67199999999993 0.259811325793976
1.67299999999993 0.259987308801254
1.67399999999993 0.260070490706281
1.67499999999993 0.260249116121733
1.67599999999993 0.260294073432725
1.67699999999993 0.260559804808313
1.67799999999993 0.260601958867248
1.67899999999993 0.260758565111376
1.67999999999993 0.261064960671846
1.68099999999993 0.261014383409473
1.68199999999993 0.261429595549373
1.68299999999993 0.261831046935704
1.68399999999993 0.262066256732569
1.68499999999993 0.262478342196004
1.68599999999993 0.262460239942385
1.68699999999993 0.262297885626414
1.68799999999992 0.262421285146738
1.68899999999992 0.262506576314163
1.68999999999992 0.262537444100425
1.69099999999992 0.262704275645698
1.69199999999992 0.262672525169193
1.69299999999992 0.262741415000896
1.69399999999992 0.262690654447768
1.69499999999992 0.262384400531419
1.69599999999992 0.262325542846052
1.69699999999992 0.262266707358304
1.69799999999992 0.262264926087072
1.69899999999992 0.262548337179439
1.69999999999992 0.262378147646582
1.70099999999992 0.259532178361198
1.70199999999992 0.256823785809834
1.70299999999992 0.254017128103622
1.70399999999992 0.251190924690741
1.70499999999992 0.24822730858371
1.70599999999992 0.245204785161799
1.70699999999992 0.242181027781377
1.70799999999992 0.239301082193766
1.70899999999992 0.236523451656961
1.70999999999992 0.233705818507495
1.71099999999992 0.23093658028877
1.71199999999992 0.22835969750003
1.71299999999992 0.2255914071696
1.71399999999992 0.222915710481195
1.71499999999992 0.220002477371198
1.71599999999992 0.217053659096364
1.71699999999992 0.214248404043936
1.71799999999992 0.211390826564736
1.71899999999992 0.208680423943551
1.71999999999992 0.205841218562996
1.72099999999992 0.202878246119657
1.72199999999992 0.199971733683977
1.72299999999992 0.197086495736713
1.72399999999992 0.194374181083565
1.72499999999992 0.191649714543377
1.72599999999992 0.188971780857448
1.72699999999992 0.186326797380843
1.72799999999992 0.183805019910563
1.72899999999992 0.18121713917877
1.72999999999992 0.178643488922427
1.73099999999992 0.176100276096387
1.73199999999992 0.173360227438654
1.73299999999992 0.17092803306764
1.73399999999992 0.16840850962099
1.73499999999992 0.165942422263933
1.73599999999992 0.163366542906624
1.73699999999992 0.16066382444225
1.73799999999992 0.157987665266884
1.73899999999992 0.155269512098441
1.73999999999992 0.152503578295996
1.74099999999992 0.149714819037337
1.74199999999992 0.146932938862512
1.74299999999992 0.144036584950158
1.74399999999992 0.141421879365451
1.74499999999992 0.138764358089805
1.74599999999992 0.136035980073296
1.74699999999992 0.133472423511322
1.74799999999992 0.130710160022595
1.74899999999992 0.128135985865947
1.74999999999992 0.125583060276866
1.75099999999992 0.122934102849153
1.75199999999992 0.120439444293437
1.75299999999992 0.117840407464803
1.75399999999992 0.115418617638666
1.75499999999992 0.113149342611602
1.75599999999992 0.110829063857729
1.75699999999992 0.10868966032672
1.75799999999992 0.106450007248376
1.75899999999992 0.104193233785735
1.75999999999992 0.101873329114066
1.76099999999992 0.0993618978255834
1.76199999999992 0.0967689439438243
1.76299999999992 0.0938799739885456
1.76399999999992 0.0907415782216177
1.76499999999992 0.0871758804959379
1.76599999999992 0.0832371825551362
1.76699999999992 0.0789895792120308
1.76799999999992 0.0742980308404017
1.76899999999992 0.069318714427017
1.76999999999992 0.0639598434773917
1.77099999999992 0.0583709895757195
1.77199999999992 0.0531824689311253
1.77299999999992 0.0479666810487422
1.77399999999992 0.0427784902242863
1.77499999999992 0.0377410949081402
1.77599999999992 0.0326149127105335
1.77699999999992 0.0278609332885443
1.77799999999991 0.0235955580515008
1.77899999999991 0.0197793793726327
1.77999999999991 0.0164467906652058
1.78099999999991 0.0135174894500576
1.78199999999991 0.0110720873075397
1.78299999999991 0.00898660469721132
1.78399999999991 0.00724087901630837
1.78499999999991 0.00582526389027665
1.78599999999991 0.00464896374255481
1.78699999999991 0.00371009594322474
1.78799999999991 0.00293287812607281
1.78899999999991 0.00230197306687706
1.78999999999991 0.00180274935798302
1.79099999999991 0.0013914670809476
1.79199999999991 0.00107718171820827
1.79299999999991 0.000834136082536362
1.79399999999991 0.000618881210705612
1.79499999999991 0.000454672089610309
1.79599999999991 0.000319289060082266
1.79699999999991 0.00021159534594145
1.79799999999991 0.000122595484702839
1.79899999999991 5.50602260208075e-05
1.79999999999991 4.24106403260928e-15
