0.8 0.000365219871466565
0.801 0.000528877516583471
0.802 0.00069210536596975
0.803 0.000854902153272224
0.804 0.00101726423254266
0.805 0.00235838711416181
0.806 0.00268137924885637
0.807 0.00300349689160423
0.808 0.00332473937527723
0.809 0.0036451098551282
0.81 0.0039646073356696
0.811 0.00428179172578684
0.812 0.00459788250870881
0.813000000000001 0.00491287848954621
0.814000000000001 0.00522677026104236
0.815000000000001 0.00553955080592382
0.816000000000001 0.00760659967794289
0.817000000000001 0.00985889315962983
0.818000000000001 0.0122954002187332
0.819000000000001 0.0149151353935957
0.820000000000001 0.0177171071468555
0.821000000000001 0.0297263756856722
0.822000000000001 0.0438248126355379
0.823000000000001 0.0600039944296437
0.824000000000001 0.0782553810947607
0.825000000000001 0.0985701444490297
0.826000000000001 0.112501914604875
0.827000000000001 0.126395644095007
0.828000000000001 0.140251124964146
0.829000000000001 0.154067578063897
0.830000000000001 0.167845263522461
0.831000000000001 0.181520830427598
0.832000000000001 0.195147053509154
0.833000000000001 0.208723477285421
0.834000000000001 0.222250255548396
0.835000000000001 0.265193037160521
0.836000000000001 0.264725220161291
0.837000000000001 0.264255656560832
0.838000000000001 0.263784543839642
0.839000000000001 0.263311693563638
0.840000000000001 0.262836546858017
0.841000000000001 0.26224318476154
0.842000000000001 0.261647998556552
0.843000000000001 0.261050413860811
0.844000000000001 0.260450622530923
0.845000000000001 0.259849004312073
0.846000000000001 0.259245556751263
0.847000000000001 0.258639376734787
0.848000000000001 0.25803136690778
0.849000000000001 0.257421524829591
0.850000000000001 0.256809484469508
0.851000000000001 0.256165334522491
0.852000000000001 0.255518532870605
0.853000000000001 0.254869074946276
0.854000000000001 0.254216259208479
0.855000000000001 0.253560608023339
0.856000000000001 0.252902291546059
0.857000000000001 0.252241132312859
0.858000000000001 0.251576609885852
0.859000000000001 0.250909413237582
0.860000000000001 0.250239537824517
0.861000000000001 0.249446661554754
0.862000000000001 0.248650412097979
0.863000000000001 0.24785112189868
0.864000000000001 0.247048785874918
0.865000000000001 0.246242568721555
0.866000000000001 0.245433301186838
0.867000000000001 0.244620978205114
0.868000000000001 0.243805282336865
0.869000000000001 0.242986056100529
0.870000000000001 0.242163764613278
0.871000000000001 0.241220200618368
0.872000000000001 0.240272589978849
0.873000000000001 0.239321402723791
0.874000000000001 0.238366790557003
0.875000000000001 0.237408593096414
0.876000000000001 0.236446344179001
0.877000000000001 0.235480660059513
0.878000000000001 0.234511535185663
0.879000000000001 0.233538523008695
0.880000000000001 0.232561769983098
0.881000000000001 0.231471918701248
0.882000000000001 0.230378294460938
0.883000000000001 0.229280182441118
0.884000000000001 0.228178292341945
0.885000000000001 0.22707261816458
0.886000000000001 0.225962879583301
0.887000000000001 0.224848938237598
0.888000000000001 0.223731201684707
0.889000000000001 0.222609663939584
0.890000000000001 0.221483781152632
0.891000000000001 0.22025315460816
0.892000000000001 0.21901842821394
0.893000000000001 0.217779465812408
0.894000000000001 0.216535876227597
0.895000000000001 0.215288175108937
0.896000000000001 0.214036356076917
0.897000000000001 0.212780039588637
0.898000000000001 0.211519349606147
0.899000000000001 0.210254530028742
0.900000000000001 0.208985574491821
0.901000000000001 0.207539971690145
0.902000000000001 0.206091280621439
0.903000000000001 0.204639498352353
0.904000000000001 0.203184393518128
0.905000000000001 0.201725854758811
0.906000000000001 0.200264224285419
0.907000000000001 0.198799499185607
0.908000000000001 0.197331241805917
0.909000000000001 0.195859782641475
0.910000000000001 0.194385228302034
0.911000000000001 0.192846972607156
0.912000000000001 0.191305062145144
0.913000000000001 0.189759939884588
0.914000000000001 0.188211602851512
0.915000000000001 0.186659758524405
0.916000000000001 0.185104506919694
0.917000000000001 0.183546039731655
0.918000000000001 0.181984354006654
0.919000000000001 0.180418949843861
0.920000000000001 0.178850329928438
0.921000000000001 0.17723897234526
0.922000000000001 0.175624140115832
0.923000000000001 0.174005747166776
0.924000000000001 0.172384059494328
0.925000000000001 0.170759074121451
0.926000000000001 0.169130430597918
0.927000000000001 0.167498401849276
0.928000000000001 0.16586307515422
0.929000000000001 0.164224364471041
0.930000000000001 0.162582022592228
0.931000000000001 0.160918248178311
0.932000000000001 0.159251138204969
0.933000000000001 0.157580461273022
0.934000000000001 0.155906297061093
0.935000000000001 0.154228796538794
0.936000000000001 0.152547956763388
0.937000000000001 0.150863393192595
0.938000000000001 0.149175493050888
0.939000000000001 0.147484253417806
0.940000000000001 0.145789530416795
0.941000000000001 0.144109561140043
0.942000000000001 0.142426285966115
0.943000000000001 0.140739702024327
0.944000000000001 0.139049550205313
0.945000000000001 0.137356026858074
0.946000000000001 0.135659193972649
0.947000000000001 0.133958985448755
0.948000000000001 0.132255213526416
0.949000000000001 0.130548131592968
0.950000000000001 0.128837736818217
0.951000000000001 0.127164504588534
0.952000000000001 0.125487923374984
0.953000000000001 0.123808103345115
0.954000000000001 0.122125041750136
0.955000000000001 0.120438458310491
0.956000000000001 0.118748635610408
0.957000000000001 0.11705557092125
0.958000000000001 0.11535916042563
0.959000000000001 0.113659356072548
0.960000000000001 0.111956309019136
0.961000000000001 0.110320868925331
0.962000000000001 0.108682124521272
0.963000000000001 0.10704021874872
0.964000000000001 0.105395196131856
0.965000000000001 0.103747009785901
0.966000000000001 0.1020955284647
0.967000000000001 0.100440929616255
0.968000000000001 0.0987832106729255
0.969000000000001 0.0971222479359316
0.970000000000001 0.0954580847550643
0.971000000000001 0.093888640573614
0.972000000000001 0.0923162498421098
0.973000000000001 0.0907407317914692
0.974000000000001 0.089162268586201
0.975000000000001 0.0875808578345682
0.976000000000001 0.0859964256524206
0.977000000000001 0.0844089385244592
0.978000000000001 0.0828185032917887
0.979000000000001 0.0812251175793383
0.980000000000001 0.0796286537746715
0.981000000000001 0.078150714423792
0.982000000000001 0.0766700411477812
0.983000000000001 0.0751866038962054
0.984000000000001 0.0737003201991356
0.985000000000001 0.0722113015363241
0.986000000000001 0.070719545734514
0.987000000000001 0.069224971336803
0.988000000000001 0.0677276071725911
0.989000000000001 0.0662275050806687
0.990000000000001 0.064724662902201
0.991000000000001 0.06337220078884
0.992000000000001 0.0620172712840431
0.993000000000001 0.0606598724537898
0.994000000000001 0.0592999597722225
0.995000000000001 0.0579375134351136
0.996000000000001 0.0565725968740959
0.997000000000001 0.0552052081675066
0.998000000000001 0.053835258286851
0.999000000000001 0.0524628156374909
1.0 0.051087900643018
1.001 0.0497920443662164
1.002 0.0484981447892529
1.003 0.0472063034558545
1.004 0.0459165208001995
1.005 0.0446287521727241
1.006 0.0433430164931491
1.007 0.042059345099056
1.008 0.0407777384040768
1.009 0.0394981303295414
1.01 0.0382205920748268
1.011 0.0371326238881987
1.012 0.0360463908991041
1.013 0.0349618845014107
1.014 0.0338791400205261
1.015 0.0327981577784144
1.016 0.0317188967941901
1.017 0.030641391517404
1.018 0.029565652931377
1.019 0.0284916723950332
1.02 0.0274194253932845
1.021 0.0265386739222722
1.022 0.0256593723872091
1.023 0.0247814984989925
1.024 0.0239050621272448
1.025 0.023030079050082
1.026 0.0221565494937357
1.027 0.0212844426637722
1.028 0.0204137923388837
1.029 0.0195445987336014
1.03 0.0186768507449515
1.031 0.0180099446089758
1.032 0.0173441557317174
1.033 0.0166794842691861
1.034 0.0160159131453539
1.035 0.0153534570396112
1.036 0.0146921205854434
1.037 0.0140318996792167
1.038 0.0133727829140216
1.039 0.0127147882262248
1.04 0.0120579157526363
