0.36 0.154742963570922
0.361 0.160091678610982
0.362 0.165537990118542
0.363 0.171082356385537
0.364 0.176719075266113
0.365 0.182444822699794
0.366 0.188268979813218
0.367 0.194191982716067
0.368 0.200201635715908
0.369 0.206306975544529
0.37 0.212511479217079
0.371 0.217948062980037
0.372 0.223421571987034
0.373 0.228944139027962
0.374 0.234515936261536
0.375 0.240128202541573
0.376 0.245783516603554
0.377 0.251487855389808
0.378 0.257241381938098
0.379 0.263030066636325
0.38 0.268867621422913
0.381 0.27285554864397
0.382 0.276860998521522
0.383 0.280881230426836
0.384 0.284923788190792
0.385 0.288988728493232
0.386 0.293067114350205
0.387 0.29716545285474
0.388 0.301286013485994
0.389 0.305426953987117
0.39 0.309582478517624
0.391 0.312104661210579
0.392 0.314635832731721
0.393 0.317171418157712
0.394 0.319712856287604
0.395 0.322263194509485
0.396 0.324822446720273
0.397 0.327384778476214
0.398 0.329955952346084
0.399 0.332535981502681
0.4 0.335123589661726
0.401 0.336475946658141
0.402 0.337827893174389
0.403 0.339179426832189
0.404 0.340528727074642
0.405 0.341877136170246
0.406 0.343225104136852
0.407 0.344572511793836
0.408 0.345919003224734
0.409 0.347265040887097
0.41 0.348610622343043
0.411 0.348988533552875
0.412 0.349366595331168
0.413 0.349744386937679
0.414 0.350121907542161
0.415 0.350501686496218
0.416 0.350881201678114
0.417 0.35126045226755
0.418 0.351640996686602
0.419 0.35202362330127
0.42 0.352405996539153
0.421 0.352474160419113
0.422 0.352546211062503
0.423 0.352619062899251
0.424 0.352691685463646
0.425 0.352765311170724
0.426 0.352843644130205
0.427 0.352921757601606
0.428 0.352999651330566
0.429 0.353081596949191
0.43 0.353166179992979
0.431 0.353009477699452
0.432 0.352852681730972
0.433 0.352703674460691
0.434 0.352554576271284
0.435 0.352405387179455
0.436 0.352259554428912
0.437 0.352118803728685
0.438 0.351977965144945
0.439 0.351837038693174
0.44 0.351703330748679
0.441 0.351406864210994
0.442 0.351110374454777
0.443 0.350815784269883
0.444 0.350528858266857
0.445 0.350241903810227
0.446 0.349954921052976
0.447 0.349673855198915
0.448 0.349396719971562
0.449 0.349119550960457
0.45 0.34884234830737
0.451 0.348412119694259
0.452 0.347982124165398
0.453 0.347552361743441
0.454 0.347126969087117
0.455 0.346708003367487
0.456 0.346289254864946
0.457 0.345870723600699
0.458 0.345460713919651
0.459 0.345052983137249
0.46 0.344645453585412
0.461 0.344267806464585
0.462 0.34389837692741
0.463 0.343529081174339
0.464 0.343159919258801
0.465 0.342797123700401
0.466 0.342438605460396
0.467 0.342080206710194
0.468 0.341721927498948
0.469 0.341374098304966
0.47 0.341026374271747
0.471 0.34075828338317
0.472 0.340494367635891
0.473 0.340236673641432
0.474 0.339979038593969
0.475 0.339721462522116
0.476 0.339472013171913
0.477 0.339224631253595
0.478 0.338977298915859
0.479 0.338732005744931
0.48 0.338494714827036
0.481 0.338312078311805
0.482 0.338129475333643
0.483 0.337952758673238
0.484 0.337779972575131
0.485 0.337607213990772
0.486 0.337434482929007
0.487 0.337271304557899
0.488 0.337108147806233
0.489 0.33694501268161
0.49 0.336785634880986
0.491 0.336582799330747
0.492 0.336379988120967
0.493 0.336177201260544
0.494 0.335981677992227
0.495 0.335787981438703
0.496 0.335594300969892
0.497 0.335402370791955
0.498 0.335217388734332
0.499 0.335032414824443
0.5 0.334847449067961
0.501 0.334508917231081
0.502 0.334173555420817
0.503 0.333838371387753
0.504 0.333503365081482
0.505 0.333176615658539
0.506 0.332850028768
0.507 0.332523604369195
0.508 0.332200465766353
0.509 0.331882164364457
0.51 0.331564010730115
0.511 0.331445274295384
0.512 0.331332567257293
0.513 0.331221383708096
0.514 0.331110222685581
0.515 0.331000530007604
0.516 0.330896640216688
0.517 0.330792768098926
0.518 0.330688913655337
0.519 0.330589237665573
0.52 0.330492349478008
0.521 0.330333592702292
0.522 0.330174883356907
0.523 0.330022841197084
0.524 0.329870839529271
0.525 0.329718878352745
0.526 0.329569503073344
0.527 0.329423981728516
0.528 0.329278494211235
0.529 0.329133040524365
0.53 0.328992444796088
0.531 0.329096259666824
0.532 0.329200001098552
0.533 0.329304823186534
0.534 0.329414189695781
0.535 0.329523485239842
0.536 0.329632709816009
0.537 0.32974518192506
0.538 0.329859797280618
0.539 0.329974344011575
0.54 0.330088822110869
0.541 0.330022195817075
0.542 0.329955562708287
0.543 0.32988892279345
0.544 0.329824275652468
0.545 0.329762618614369
0.546 0.32970095127608
0.547 0.329639273647814
0.548 0.329581338314042
0.549 0.329524327878614
0.55 0.329467303878665
0.551 0.329537911396341
0.552 0.329612021737145
0.553 0.329686080643135
0.554 0.329760088105269
0.555 0.329836551708801
0.556 0.329914635789318
0.557 0.329992668658816
0.558 0.330070650306207
0.559 0.330152534532579
0.56 0.330234367756948
0.561 0.330242409771673
0.562 0.33025189187137
0.563 0.330263550681002
0.564 0.330275172924165
0.565 0.330286758604023
0.566 0.330301074688921
0.567 0.330316044755708
0.568 0.330330976932449
0.569 0.330346524811064
0.57 0.3303646484033
0.571 0.330501758862528
0.572 0.330638808344161
0.573 0.330777599317916
0.574 0.330917531718228
0.575 0.331057404046076
0.576 0.331197216269199
0.577 0.331339765420259
0.578 0.331482255323825
0.579 0.331624685945496
0.58 0.331768100927989
0.581 0.331821773409371
0.582 0.331875396819312
0.583 0.331928971151711
0.584 0.331984430359096
0.585 0.332040323481318
0.586 0.332096166968178
0.587 0.332152402285339
0.588 0.332210353547039
0.589 0.332268254659497
0.59 0.332326105615515
0.591 0.332492802217477
0.592 0.332660232742899
0.593 0.332827598379353
0.594 0.332994899080514
0.595 0.333163999495723
0.596 0.333333035666596
0.597 0.333502007545162
0.598 0.333671577261462
0.599 0.333842076340979
0.6 0.33401251167526
0.601 0.334093807469833
0.602 0.334176251331992
0.603 0.334258941736754
0.604 0.334341578200228
0.605 0.334424426409914
0.606 0.334508283366159
0.607 0.334592086176382
0.608 0.334675834824235
0.609 0.334760233572398
0.61 0.334845047533184
0.611 0.335022547461633
0.612 0.335199984466213
0.613 0.335378397583996
0.614 0.335556748118863
0.615 0.335735036015757
0.616 0.335913615174108
0.617 0.336092662782584
0.618 0.336271647968111
0.619 0.336450570674979
0.62 0.336630029965243
0.621 0.33677835417882
0.622 0.336926624158478
0.623 0.337074958616992
0.624 0.337223713865331
0.625 0.337372414891621
0.626 0.337521061652031
0.627 0.337669963218952
0.628 0.337819016608067
0.629 0.337968015722425
0.63 0.338116960517982
0.631 0.338247653443526
0.632 0.338378292758129
0.633 0.338508878425561
0.634 0.338639522192163
0.635 0.338770279937574
0.636 0.338900983962231
0.637 0.339031634229864
0.638 0.339162344200198
0.639 0.339293028730867
0.64 0.339423659413391
0.641 0.339520881160459
0.642 0.339618069080086
0.643 0.339715204356389
0.644 0.339812286967543
0.645 0.339909271347203
0.646 0.340006172659649
0.647 0.340103021247316
0.648 0.340199817088502
0.649 0.340296384672082
0.65 0.340392899479169
0.651 0.340511596802083
0.652 0.34063014595725
0.653 0.340748499710935
0.654 0.340866799610103
0.655 0.340985045623955
0.656 0.341102953760166
0.657 0.341220736942442
0.658 0.341338466128781
0.659 0.341456057990189
0.66 0.341573262587891
0.661 0.341680068183133
0.662 0.341786827393924
0.663 0.34189323048292
0.664 0.341999380665021
0.665 0.342105484389084
0.666 0.342211541628974
0.667 0.342316975050572
0.668 0.342422361942414
0.669 0.342527702278654
0.67 0.342632740623895
0.671 0.342729938555514
0.672 0.342827089827045
0.673 0.342924194416032
0.674 0.343020676931052
0.675 0.343116968912983
0.676 0.343213214185973
0.677 0.343309260556106
0.678 0.343404651512006
0.679 0.343499995736359
0.68 0.343595293207368
0.681 0.34367520207744
0.682 0.343754719759325
0.683 0.343834190849475
0.684 0.343913615332372
0.685 0.343992129343573
0.686 0.34407059684191
0.687 0.344149017812148
0.688 0.344226998720776
0.689 0.344304342893792
0.69 0.344381640636672
0.691 0.344436662087335
0.692 0.344490880169364
0.693 0.344544863209337
0.694 0.34459880059325
0.695 0.344652482883925
0.696 0.344705281955372
0.697 0.344758035641468
0.698 0.3448107439363
0.699 0.344862105609397
0.7 0.34491255487599
0.701 0.344931128972837
0.702 0.344949657678889
0.703 0.344966165382175
0.704 0.344982628619112
0.705 0.344999047396146
0.706 0.345014960036176
0.707 0.34503013607694
0.708 0.345045268210111
0.709 0.345060356442157
0.71 0.345074429268472
0.711 0.345058604377193
0.712 0.345042740793865
0.713 0.345026595398767
0.714 0.34500943926316
0.715 0.344992245254071
0.716 0.344975013387279
0.717 0.344956990106029
0.718 0.34493842725428
0.719 0.344919827388636
0.72 0.344901190524647
0.721 0.344855351969364
0.722 0.344809481922879
0.723 0.344763580408198
0.724 0.344717128831126
0.725 0.344669868618484
0.726 0.344622578024026
0.727 0.344575257070295
0.728 0.344526852588964
0.729 0.344478155426173
0.73 0.344429429005128
0.731 0.344339762863163
0.732 0.344249007098695
0.733 0.344158231545221
0.734 0.344067436235371
0.735 0.343975807855849
0.736 0.343883618662963
0.737 0.343791411196321
0.738 0.343699185487703
0.739 0.343605606029379
0.74 0.34351200975832
0.741 0.343374106085233
0.742 0.343235645873113
0.743 0.34309635556625
0.744 0.342957060224306
0.745 0.342817759888229
0.746 0.342677356408582
0.747 0.342536675052945
0.748 0.342395990584676
0.749 0.342255028634622
0.75 0.342112967071969
0.751 0.341883448045234
0.752 0.341653977583727
0.753 0.34142371079778
0.754 0.341192931413035
0.755 0.340962203283858
0.756 0.340731526462338
0.757 0.340499534518889
0.758 0.340267596443775
0.759 0.34003571228668
0.76 0.339803320859967
0.761 0.339507634442269
0.762 0.339212036305326
0.763 0.338916526506218
0.764 0.338620016756541
0.765 0.338323326030211
0.766 0.338026726763028
0.767 0.337729935966358
0.768 0.337432106412116
0.769 0.33713437155216
0.77 0.336836731437079
0.771 0.336476038430942
0.772 0.336114942108505
0.773 0.335753976862498
0.774 0.335393142747985
0.775 0.335031034870076
0.776 0.334669061821267
0.777 0.334307223652581
0.778 0.333944990264377
0.779 0.333582099005439
0.78 0.333219346166658
0.781 0.332876574049225
0.782 0.332532659781708
0.783 0.33218844388956
0.784 0.331844205898645
0.785 0.331499682487574
0.786 0.331154085528303
0.787 0.330808469852045
0.788 0.330462835508152
0.789 0.330116373030567
0.79 0.329769354964214
0.791 0.329334509894804
0.792 0.328899649385267
0.793 0.328463467885349
0.794 0.328027274989047
0.795 0.327591070753251
0.796 0.32715432742236
0.797 0.326716783934354
0.798 0.326279233257797
0.799 0.325841675447548
0.8 0.325402691499104
0.801 0.324584118528929
0.802 0.323766479052967
0.803 0.322949486833397
0.804 0.322132287454028
0.805 0.285614248669765
0.806 0.284889523445556
0.807 0.284164975877659
0.808 0.283440830734568
0.809 0.282717529086171
0.81 0.281995071045017
0.811 0.28117895374553
0.812 0.280363853688698
0.813000000000001 0.279549770964722
0.814000000000001 0.278736267737832
0.815000000000001 0.277923129833698
0.816000000000001 0.256327690012043
0.817000000000001 0.234854937946263
0.818000000000001 0.213504001196826
0.819000000000001 0.192275274639531
0.820000000000001 0.171168702934243
0.821000000000001 0.150249785434228
0.822000000000001 0.129433626607907
0.823000000000001 0.108720806196892
0.824000000000001 0.0881113805773962
0.825000000000001 0.0676052506371433
0.826000000000001 0.0674323538748104
0.827000000000001 0.0672593988200945
0.828000000000001 0.0670863860175532
0.829000000000001 0.0669130681093439
0.830000000000001 0.0667396948948253
0.831000000000001 0.0665431198146084
0.832000000000001 0.0663463966522914
0.833000000000001 0.0661494786616406
0.834000000000001 0.0659525121863132
0.835000000000001 0.0328777489266255
0.836000000000001 0.0327791194634375
0.837000000000001 0.0326804427251062
0.838000000000001 0.0325817437735406
0.839000000000001 0.0324829999409414
