1.42499999999995 0.000426579448527652
1.42599999999995 0.000512678485536255
1.42699999999995 0.000631574091471102
1.42799999999995 0.000688939951696533
1.42899999999995 0.000688889985740333
1.42999999999995 0.000631436717990459
1.43099999999995 0.000487893012667209
1.43199999999995 0.000549352314637685
1.43299999999995 0.000508319034277789
1.43399999999995 0.000475489820591113
1.43499999999995 0.000549232943034505
1.43599999999995 0.000639359204149785
1.43699999999995 0.000758159549939019
1.43799999999995 0.000852355531147583
1.43899999999995 0.000852293838971243
1.43999999999995 0.000749800398725063
1.44099999999995 0.000676000694061977
1.44199999999995 0.000725111983033576
1.44299999999995 0.000757830640211134
1.44399999999995 0.000925715437927243
1.44499999999995 0.000999372876744292
1.44599999999995 0.00104844670725582
1.44699999999995 0.00114256063924172
1.44799999999995 0.00117523748019235
1.44899999999995 0.00119153117697634
1.44999999999995 0.00123238839385257
1.45099999999995 0.00123639355714321
1.45199999999995 0.00126905425897734
1.45299999999995 0.00139176566715157
1.45399999999995 0.00152264564391586
1.45499999999995 0.00158802138895458
1.45599999999995 0.001624739936013
1.45699999999995 0.00175557491080801
1.45799999999995 0.00191503470651181
1.45899999999995 0.00225450494900652
1.45999999999995 0.00261438322529456
1.46099999999995 0.00300693834395433
1.46199999999995 0.00341989108031822
1.46299999999995 0.00401276610991433
1.46399999999995 0.00477325390062788
1.46499999999995 0.00574221734040888
1.46599999999995 0.00695232841280924
1.46699999999995 0.0085466610664386
1.46799999999995 0.0107009603236627
1.46899999999995 0.0132965328959124
1.46999999999995 0.0166930671318061
1.47099999999995 0.0209394474166685
1.47199999999995 0.0258106594405902
1.47299999999995 0.0318788295824226
1.47399999999995 0.0390660433383989
1.47499999999995 0.0472453626557096
1.47599999999995 0.056943755854509
1.47699999999995 0.0678421632825424
1.47799999999995 0.0798545164384763
1.47899999999995 0.0931971237130388
1.47999999999995 0.107506094495555
1.48099999999995 0.122960977775892
1.48199999999995 0.139255150371542
1.48299999999995 0.156347585887337
1.48399999999995 0.174213631795043
1.48499999999995 0.192493712654736
1.48599999999995 0.211342916989435
1.48699999999995 0.23026293944871
1.48799999999995 0.249188434682835
1.48899999999995 0.267796851251562
1.48999999999995 0.285524857384893
1.49099999999995 0.302299191263935
1.49199999999995 0.317475090479919
1.49299999999995 0.33075490834996
1.49399999999995 0.342371690519448
1.49499999999995 0.351974854532695
1.49599999999995 0.360152432505116
1.49699999999995 0.366855760529443
1.49799999999995 0.371909726204731
1.49899999999995 0.375906293625362
1.49999999999995 0.378686539415481
1.50099999999995 0.380797367231693
1.50199999999995 0.382430636908485
1.50299999999995 0.383590526872033
1.50399999999995 0.384472907486975
1.50499999999995 0.385167577531589
1.50599999999994 0.386155832525065
1.50699999999994 0.38696044845342
1.50799999999994 0.387654857366726
1.50899999999994 0.388394027789913
1.50999999999994 0.388684649327344
1.51099999999994 0.389162747007786
1.51199999999994 0.389518486031722
1.51299999999994 0.389678594055705
1.51399999999994 0.389683800075706
1.51499999999994 0.389578966077546
1.51599999999994 0.389364125304529
1.51699999999994 0.3892389721075
1.51799999999994 0.388995671351208
1.51899999999994 0.388365347660857
1.51999999999994 0.387926657774093
1.52099999999994 0.387450077807353
1.52199999999994 0.387262785672458
1.52299999999994 0.387283232949434
1.52399999999994 0.387185616404922
1.52499999999994 0.386900729613226
1.52599999999994 0.38652227364342
1.52699999999994 0.386188691378735
1.52799999999994 0.386245898922037
1.52899999999994 0.386376329743307
1.52999999999994 0.386669470536985
1.53099999999994 0.386974822607553
1.53199999999994 0.387084832414331
1.53299999999994 0.387089054198135
1.53399999999994 0.387044472756583
1.53499999999994 0.386995840484437
1.53599999999994 0.387150498247677
1.53699999999994 0.387166887866192
1.53799999999994 0.387179253117085
1.53899999999994 0.387496436172344
1.53999999999994 0.387533131986034
1.54099999999994 0.387763418656828
1.54199999999994 0.38787584904966
1.54299999999994 0.38773234092847
1.54399999999994 0.387657895703573
1.54499999999994 0.387741824584015
1.54599999999994 0.387923142514682
1.54699999999994 0.388153075036296
1.54799999999994 0.388147547625755
1.54899999999994 0.38787835772659
1.54999999999994 0.387617355801794
1.55099999999994 0.387287480631081
1.55199999999994 0.387111807098702
1.55299999999994 0.387053773304423
1.55399999999994 0.38693493700283
1.55499999999994 0.386921491148053
1.55599999999994 0.386713571658771
1.55699999999994 0.386347717339011
1.55799999999994 0.3862290524058
1.55899999999994 0.385798591859444
1.55999999999994 0.385712485515352
1.56099999999994 0.385796386981891
1.56199999999994 0.385471434305162
1.56299999999994 0.385514877334623
1.56399999999994 0.385614954622438
1.56499999999994 0.385820152207346
1.56599999999994 0.386073788421661
1.56699999999994 0.386505287521639
1.56799999999994 0.386702105856497
1.56899999999994 0.386858406485125
1.56999999999994 0.387071247760657
1.57099999999994 0.387207265957157
1.57199999999994 0.38731897132085
1.57299999999994 0.387551798323343
1.57399999999994 0.387889545791667
1.57499999999994 0.387996986499827
1.57599999999994 0.388063993061279
1.57699999999994 0.388252067803622
1.57799999999994 0.388468375540192
1.57899999999994 0.388769319639825
1.57999999999994 0.389070132443143
1.58099999999994 0.389201386809283
1.58199999999994 0.389134968736517
1.58299999999994 0.389028230515545
1.58399999999994 0.389106954938153
1.58499999999994 0.388923722943463
1.58599999999994 0.389058903727649
1.58699999999994 0.389153720612579
1.58799999999994 0.388966502424543
1.58899999999994 0.389117692684584
1.58999999999994 0.389095641768138
1.59099999999994 0.389117866170687
1.59199999999994 0.389305183131124
1.59299999999994 0.389307283342854
1.59399999999994 0.389353626143094
1.59499999999994 0.389500524923332
1.59599999999994 0.389562908667273
1.59699999999993 0.389524697953338
1.59799999999993 0.389229118436894
1.59899999999993 0.388885405042344
1.59999999999993 0.388481515111415
1.60099999999993 0.388117191695956
1.60199999999993 0.387696733554627
1.60299999999993 0.387079658292537
1.60399999999993 0.386595350883014
1.60499999999993 0.386014834634476
1.60599999999993 0.385474702115895
1.60699999999993 0.384822407033774
1.60799999999993 0.383937578906901
1.60899999999993 0.383201542852726
1.60999999999993 0.382746629242993
1.61099999999993 0.38249643357966
1.61199999999993 0.382326511658509
1.61299999999993 0.381924110746403
1.61399999999993 0.381658184161507
1.61499999999993 0.381336231540289
1.61599999999993 0.380914212750005
1.61699999999993 0.380848906508225
1.61799999999993 0.380839697503918
1.61899999999993 0.380958602370023
1.61999999999993 0.381209546567037
1.62099999999993 0.381340323886935
1.62199999999993 0.381330954383698
1.62299999999993 0.381601635257109
1.62399999999993 0.381512199685229
1.62499999999993 0.381678803135777
1.62599999999993 0.381705358902626
1.62699999999993 0.38140805242164
1.62799999999993 0.381582539514516
1.62899999999993 0.381301374580965
1.62999999999993 0.381248032842644
1.63099999999993 0.381202683002829
1.63199999999993 0.381173335054691
1.63299999999993 0.381443442993028
1.63399999999993 0.381318190546356
1.63499999999993 0.380961516512367
1.63599999999993 0.380573070369159
1.63699999999993 0.38026454816485
1.63799999999993 0.380143602081672
1.63899999999993 0.380202165730594
1.63999999999993 0.379917770059778
1.64099999999993 0.379458075735492
1.64199999999993 0.379126117039454
1.64299999999993 0.378694696093498
1.64399999999993 0.378781351005809
1.64499999999993 0.378840060187775
1.64599999999993 0.378886823866402
1.64699999999993 0.379256067764265
1.64799999999993 0.379370360385205
1.64899999999993 0.379759214818485
1.64999999999993 0.380048456753552
1.65099999999993 0.379963581678918
1.65199999999993 0.380065661262599
1.65299999999993 0.379714354799814
1.65399999999993 0.379208124949075
1.65499999999993 0.37894853494169
1.65599999999993 0.37880825425121
1.65699999999993 0.378926331581
1.65799999999993 0.378972823033955
1.65899999999993 0.378991463924282
1.65999999999993 0.378589167557826
1.66099999999993 0.37818312092464
1.66199999999993 0.378265469305754
1.66299999999993 0.378196943034711
1.66399999999993 0.378057012021612
1.66499999999993 0.37790918021997
1.66599999999993 0.377420272343028
1.66699999999993 0.377098101753027
1.66799999999993 0.377128951424532
1.66899999999993 0.376957598554007
1.66999999999993 0.377206383076582
1.67099999999993 0.377264898464429
1.67199999999993 0.377267935756702
1.67299999999993 0.377508590164338
1.67399999999993 0.377614480808933
1.67499999999993 0.377858938334177
1.67599999999993 0.377909309452893
1.67699999999993 0.378280195545996
1.67799999999993 0.378326475702355
1.67899999999993 0.378538900162752
1.67999999999993 0.378968745579596
1.68099999999993 0.378880386024025
1.68199999999993 0.379468131837952
1.68299999999993 0.380035857801383
1.68399999999993 0.380362256007914
1.68499999999993 0.380945334823228
1.68599999999993 0.38090404321137
1.68699999999993 0.380653412171911
1.68799999999992 0.380817477439653
1.68899999999992 0.380926229918446
1.68999999999992 0.380956002163505
1.69099999999992 0.381183054640972
1.69199999999992 0.381121958308918
1.69299999999992 0.381206883646954
1.69399999999992 0.381118210105393
1.69499999999992 0.380658881575116
1.69599999999992 0.380558489242287
1.69699999999992 0.38045813663161
1.69799999999992 0.380440554179239
1.69899999999992 0.38083665542238
1.69999999999992 0.380574785490766
1.70099999999992 0.376431918390206
1.70199999999992 0.372488914367552
1.70299999999992 0.368403705834333
1.70399999999992 0.364290472760729
1.70499999999992 0.359978288221574
1.70599999999992 0.355581019467961
1.70699999999992 0.351182307660824
1.70799999999992 0.346992472902262
1.70899999999992 0.342951321578337
1.70999999999992 0.338852488265322
1.71099999999992 0.334824143258929
1.71199999999992 0.33107499160278
1.71299999999992 0.327048644178426
1.71399999999992 0.323156845116732
1.71499999999992 0.318921013843825
1.71599999999992 0.314633933031035
1.71699999999992 0.310555286198542
1.71799999999992 0.306401121623478
1.71899999999992 0.302460598839792
1.71999999999992 0.298333707474759
1.72099999999992 0.294027767719069
1.72199999999992 0.289803990289569
1.72299999999992 0.285611375769155
1.72399999999992 0.281669676370824
1.72499999999992 0.27771067861477
1.72599999999992 0.273819418533568
1.72699999999992 0.269976207704235
1.72799999999992 0.266311810470702
1.72899999999992 0.262551929697403
1.72999999999992 0.258812961627118
1.73099999999992 0.255118382990861
1.73199999999992 0.25113894828335
1.73299999999992 0.247605783626702
1.73399999999992 0.243946397524038
1.73499999999992 0.240364700790547
1.73599999999992 0.236624260532498
1.73699999999992 0.232700405034827
1.73799999999992 0.228815324623805
1.73899999999992 0.224869732145536
1.73999999999992 0.220855254567547
1.74099999999992 0.216808038638916
1.74199999999992 0.212771102883617
1.74299999999992 0.20856872405517
1.74399999999992 0.204774494182756
1.74499999999992 0.200918569714883
1.74599999999992 0.196960358583985
1.74699999999992 0.193241087275055
1.74799999999992 0.189234432687773
1.74899999999992 0.185500387466213
1.74999999999992 0.18179739625197
1.75099999999992 0.177955683822728
1.75199999999992 0.174337623463723
1.75299999999992 0.170568765057153
1.75399999999992 0.167056750476861
1.75499999999992 0.163765753433629
1.75599999999992 0.16040119858859
1.75699999999992 0.157298676260506
1.75799999999992 0.154051319994352
1.75899999999992 0.150779444256395
1.75999999999992 0.147416471687306
1.76099999999992 0.143776624960235
1.76199999999992 0.140019106309821
1.76299999999992 0.135833582125165
1.76399999999992 0.13128751111662
1.76499999999992 0.126123589739175
1.76599999999992 0.120420450140192
1.76699999999992 0.114270879301143
1.76799999999992 0.10747958157482
1.76899999999992 0.100272549640949
1.76999999999992 0.092517064695702
1.77099999999992 0.0844295363535621
1.77199999999992 0.0769216760855922
1.77299999999992 0.0693749700645709
1.77399999999992 0.0618687708776301
1.77499999999992 0.0545812435968317
1.77599999999992 0.0471658915454724
1.77699999999992 0.0402893614618771
1.77799999999991 0.0341199097641504
1.77899999999991 0.0286004705303625
1.77999999999991 0.0237806970141507
1.78099999999991 0.0195444004143791
1.78199999999991 0.0160080603044552
1.78299999999991 0.0129923510386977
1.78399999999991 0.0104680622624243
1.78499999999991 0.00842119081993689
1.78599999999991 0.00672042845341859
1.78699999999991 0.00536301290708149
1.78799999999991 0.00423936311670949
1.78899999999991 0.00332728297488659
1.78999999999991 0.00260560001911163
1.79099999999991 0.00201107485144787
1.79199999999991 0.0015567797460856
1.79299999999991 0.00120547444144696
1.79399999999991 0.000894357795591553
1.79499999999991 0.000657029992955535
1.79599999999991 0.000461374767028568
1.79699999999991 0.000305744612163669
1.79799999999991 0.000177137323282223
1.79899999999991 7.95529875769828e-05
1.79999999999991 6.12740004558474e-15
