0.8 0.000716894757479757
0.801 0.0010379593925823
0.802 0.00135806867608102
0.803 0.00167722060378467
0.804 0.00199540850533428
0.805 0.00462527339278821
0.806 0.00525780934867113
0.807 0.00588841020399002
0.808 0.00651707562462577
0.809 0.00714381276815943
0.81 0.00776862065406683
0.811 0.00838867889631036
0.812 0.00900637867638301
0.813000000000001 0.00962171884953025
0.814000000000001 0.0102346821912172
0.815000000000001 0.0108452561682751
0.816000000000001 0.0148895010480253
0.817000000000001 0.0192948793690466
0.818000000000001 0.0240591846433289
0.819000000000001 0.0291803010319384
0.820000000000001 0.0346561022421421
0.821000000000001 0.058086469313103
0.822000000000001 0.0855459307962022
0.823000000000001 0.117005392781494
0.824000000000001 0.1524356384654
0.825000000000001 0.191806994683829
0.826000000000001 0.218688458410635
0.827000000000001 0.245439872371508
0.828000000000001 0.272061181272808
0.829000000000001 0.298551223734325
0.830000000000001 0.324910855557703
0.831000000000001 0.351017920968024
0.832000000000001 0.376975098758639
0.833000000000001 0.402781921117813
0.834000000000001 0.428439097318932
0.835000000000001 0.510689888968041
0.836000000000001 0.509259257667357
0.837000000000001 0.507827874591087
0.838000000000001 0.506396124150426
0.839000000000001 0.504963649080821
0.840000000000001 0.503529383931478
0.841000000000001 0.501871495727661
0.842000000000001 0.500213197542525
0.843000000000001 0.498553397136943
0.844000000000001 0.49689246864711
0.845000000000001 0.49523114275297
0.846000000000001 0.493569419459274
0.847000000000001 0.491905585809748
0.848000000000001 0.490241366756206
0.849000000000001 0.488576762303261
0.850000000000001 0.486911083091611
0.851000000000001 0.485020472652377
0.852000000000001 0.483129440566718
0.853000000000001 0.481237986839686
0.854000000000001 0.479344797285494
0.855000000000001 0.4774508695557
0.856000000000001 0.475556533536633
0.857000000000001 0.473661464548023
0.858000000000001 0.471764696544739
0.859000000000001 0.469867533609235
0.860000000000001 0.467969975746255
0.861000000000001 0.465847327203337
0.862000000000001 0.463723621807603
0.863000000000001 0.461599490760245
0.864000000000001 0.459474934066383
0.865000000000001 0.457348409758568
0.866000000000001 0.455221474458888
0.867000000000001 0.453094128172294
0.868000000000001 0.450965793114761
0.869000000000001 0.448836190138197
0.870000000000001 0.446706190105793
0.871000000000001 0.444358049650096
0.872000000000001 0.442008319755796
0.873000000000001 0.439657878911816
0.874000000000001 0.437307016833857
0.875000000000001 0.434955449897206
0.876000000000001 0.432602336574243
0.877000000000001 0.430248817626942
0.878000000000001 0.427894893060214
0.879000000000001 0.425539759330159
0.880000000000001 0.423183696337351
0.881000000000001 0.420627993370325
0.882000000000001 0.418071867338834
0.883000000000001 0.415514033724688
0.884000000000001 0.412955793083753
0.885000000000001 0.410397145420973
0.886000000000001 0.407837595620756
0.887000000000001 0.405276907144834
0.888000000000001 0.402715827400412
0.889000000000001 0.400154356392251
0.890000000000001 0.397591528598401
0.891000000000001 0.394847374119879
0.892000000000001 0.392102817977448
0.893000000000001 0.389357628187933
0.894000000000001 0.386611118711847
0.895000000000001 0.383864224119467
0.896000000000001 0.381116944415499
0.897000000000001 0.37836861604878
0.898000000000001 0.375619473189478
0.899000000000001 0.372869961457762
0.900000000000001 0.370120080858151
0.901000000000001 0.367188433123946
0.902000000000001 0.364256998304743
0.903000000000001 0.361325776473036
0.904000000000001 0.358394364775592
0.905000000000001 0.355462573448549
0.906000000000001 0.35253101193161
0.907000000000001 0.349599680292062
0.908000000000001 0.346667814853651
0.909000000000001 0.343736003129449
0.910000000000001 0.34080443774434
0.911000000000001 0.337766973514011
0.912000000000001 0.334729000481011
0.913000000000001 0.331691300548319
0.914000000000001 0.328653873774891
0.915000000000001 0.325616215123608
0.916000000000001 0.32257850565946
0.917000000000001 0.319541085327989
0.918000000000001 0.316503954183193
0.919000000000001 0.313466248866831
0.920000000000001 0.310428849669076
0.921000000000001 0.307323232758957
0.922000000000001 0.304217621283419
0.923000000000001 0.301111872461084
0.924000000000001 0.298006452721317
0.925000000000001 0.294901362108997
0.926000000000001 0.291795983931814
0.927000000000001 0.288690795620832
0.928000000000001 0.285585953048549
0.929000000000001 0.282481313337937
0.930000000000001 0.279376457242441
0.931000000000001 0.276240832837608
0.932000000000001 0.273105573751258
0.933000000000001 0.269970288657992
0.934000000000001 0.266835120210815
0.935000000000001 0.26370033238881
0.936000000000001 0.260565925222319
0.937000000000001 0.257431247586532
0.938000000000001 0.254296966575358
0.939000000000001 0.251163082214153
0.940000000000001 0.248029354723046
0.941000000000001 0.244926785341451
0.942000000000001 0.241824623760667
0.943000000000001 0.238722870001076
0.944000000000001 0.235621089884642
0.945000000000001 0.232519621974842
0.946000000000001 0.229418576270167
0.947000000000001 0.22631784592974
0.948000000000001 0.223217119204616
0.949000000000001 0.220116829404634
0.950000000000001 0.217016976541075
0.951000000000001 0.213985675219387
0.952000000000001 0.21095462427473
0.953000000000001 0.207924013911719
0.954000000000001 0.204893844137205
0.955000000000001 0.201863649797093
0.956000000000001 0.198833910049014
0.957000000000001 0.195804624895434
0.958000000000001 0.192775625411172
0.959000000000001 0.189746836439959
0.960000000000001 0.18671851536028
0.961000000000001 0.183808711302209
0.962000000000001 0.180899047819466
0.963000000000001 0.177989767846576
0.964000000000001 0.175080949868595
0.965000000000001 0.172172520364013
0.966000000000001 0.169264266240047
0.967000000000001 0.166356486525897
0.968000000000001 0.163449181212115
0.969000000000001 0.160542150061309
0.970000000000001 0.15763546948474
0.971000000000001 0.154890684489084
0.972000000000001 0.152146358819351
0.973000000000001 0.149402198796309
0.974000000000001 0.146658508871022
0.975000000000001 0.143915289027596
0.976000000000001 0.141172421888189
0.977000000000001 0.138429856742625
0.978000000000001 0.135687773037926
0.979000000000001 0.132946170754616
0.980000000000001 0.130204845091793
0.981000000000001 0.127662443333323
0.982000000000001 0.125120497953594
0.983000000000001 0.122578963505465
0.984000000000001 0.120037709343835
0.985000000000001 0.117496920918389
0.986000000000001 0.114956598204971
0.987000000000001 0.112416612428651
0.988000000000001 0.109877014242128
0.989000000000001 0.107337891392434
0.990000000000001 0.104799243852366
0.991000000000001 0.102508757134564
0.992000000000001 0.100218707609688
0.993000000000001 0.0979290952505361
0.994000000000001 0.0956398513375071
0.995000000000001 0.0933509472528448
0.996000000000001 0.0910624884725869
0.997000000000001 0.0887744749669509
0.998000000000001 0.0864867667686608
0.999000000000001 0.0841994771296505
1.0 0.0819126419271991
1.001 0.0798036774429272
1.002 0.0776994893043291
1.003 0.075600235172341
1.004 0.0735059105962675
1.005 0.0714164389849397
1.006 0.0693318455500083
1.007 0.067252175316796
1.008 0.0651774238098218
1.009 0.0631074803207341
1.01 0.0610424535593338
1.011 0.0592816797414165
1.012 0.0575250445116263
1.013 0.0557725298281602
1.014 0.0540241877288629
1.015 0.052280014372655
1.016 0.0505399401112805
1.017 0.0488040155444713
1.018 0.0470722538293472
1.019 0.045344636867727
1.02 0.0436211213335259
1.021 0.0422034744557819
1.022 0.0407892341756771
1.023 0.0393783615196663
1.024 0.0379708686540203
1.025 0.0365667771054648
1.026 0.035166083681773
1.027 0.0337687359780069
1.028 0.0323747840772148
1.029 0.0309842247728398
1.03 0.0295970369265855
1.031 0.0285290753049549
1.032 0.027463712031748
1.033 0.0264009446409574
1.034 0.025340743403974
1.035 0.0242831288615621
1.036 0.0232281056385066
1.037 0.0221756645429511
1.038 0.0211257848584156
1.039 0.0200784922364515
1.04 0.0190337841900387
