0.8 0.0806043127366331
0.801 0.0806173912482562
0.802 0.0806304696565052
0.803 0.0806434764443128
0.804 0.080656197062134
0.805 0.161337835158684
0.806 0.161363275991872
0.807 0.161388341984323
0.808 0.161413158019728
0.809 0.161437973858728
0.81 0.161462789501321
0.811 0.161486970892829
0.812 0.161511152092827
0.813000000000001 0.161535333101314
0.814000000000001 0.161559260091129
0.815000000000001 0.161582806152142
0.816000000000001 0.210088257634473
0.817000000000001 0.258607836342853
0.818000000000001 0.307140618531807
0.819000000000001 0.35568696861275
0.820000000000001 0.404247080860077
0.821000000000001 0.452820609408503
0.822000000000001 0.501406294962797
0.823000000000001 0.550005371854578
0.824000000000001 0.598617839924402
0.825000000000001 0.647242216618527
0.826000000000001 0.647329022740957
0.827000000000001 0.647415828173829
0.828000000000001 0.647502632917143
0.829000000000001 0.647587037758179
0.830000000000001 0.647671441928182
0.831000000000001 0.647755845362208
0.832000000000001 0.647839302484684
0.833000000000001 0.647921340488137
0.834000000000001 0.648003377838795
0.835000000000001 0.729096091353739
0.836000000000001 0.72918618669026
0.837000000000001 0.729275732507911
0.838000000000001 0.729365277612357
0.839000000000001 0.729454305904342
0.840000000000001 0.729541269098057
0.841000000000001 0.729628231525338
0.842000000000001 0.729715193259322
0.843000000000001 0.729800555433568
0.844000000000001 0.729884851020019
0.845000000000001 0.729969145933752
0.846000000000001 0.730053440174766
0.847000000000001 0.73013519119595
0.848000000000001 0.73021694156405
0.849000000000001 0.730298691279065
0.850000000000001 0.730379406277027
0.851000000000001 0.730458569539926
0.852000000000001 0.730537732169704
0.853000000000001 0.730616894166362
0.854000000000001 0.730694052229902
0.855000000000001 0.730770708852726
0.856000000000001 0.730847364861769
0.857000000000001 0.730923519224025
0.858000000000001 0.730997668852087
0.859000000000001 0.731071817885714
0.860000000000001 0.731145966324906
0.861000000000001 0.731218634925152
0.862000000000001 0.731290316783187
0.863000000000001 0.731361998065827
0.864000000000001 0.731433678773072
0.865000000000001 0.731502892607083
0.866000000000001 0.731572105884747
0.867000000000001 0.731641318606061
0.868000000000001 0.731709593285872
0.869000000000001 0.73177646119427
0.870000000000001 0.731843328564421
0.871000000000001 0.731910195249541
0.872000000000001 0.731975152653355
0.873000000000001 0.732039632349722
0.874000000000001 0.732104111526241
0.875000000000001 0.732168112743904
0.876000000000001 0.73223020369675
0.877000000000001 0.732292294148186
0.878000000000001 0.732354384098213
0.879000000000001 0.73241509052383
0.880000000000001 0.732474874446948
0.881000000000001 0.73253465788646
0.882000000000001 0.732594440842365
0.883000000000001 0.732651958388694
0.884000000000001 0.732709475468911
0.885000000000001 0.732766992083016
0.886000000000001 0.732823618572899
0.887000000000001 0.732878910121531
0.888000000000001 0.732934201221229
0.889000000000001 0.732989491871996
0.890000000000001 0.733043001923729
0.891000000000001 0.733096066430958
0.892000000000001 0.73314913050643
0.893000000000001 0.733201757291969
0.894000000000001 0.733252636223172
0.895000000000001 0.733303514739491
0.896000000000001 0.733354392840925
0.897000000000001 0.733403984335916
0.898000000000001 0.733452717968229
0.899000000000001 0.733501451202217
0.900000000000001 0.733550184037879
0.901000000000001 0.733523045423022
0.902000000000001 0.733495900767502
0.903000000000001 0.73346875007214
0.904000000000001 0.733440768765233
0.905000000000001 0.733411544862589
0.906000000000001 0.73338231535289
0.907000000000001 0.73335308023692
0.908000000000001 0.733322223933976
0.909000000000001 0.73329095851047
0.910000000000001 0.733259687904691
0.911000000000001 0.733227991542551
0.912000000000001 0.733194608257882
0.913000000000001 0.733161220232246
0.914000000000001 0.733127827466355
0.915000000000001 0.73309329278619
0.916000000000001 0.733057995567411
0.917000000000001 0.733022694006368
0.918000000000001 0.73298738810374
0.919000000000001 0.732950059020717
0.920000000000001 0.732912726019237
0.921000000000001 0.732875389026441
0.922000000000001 0.732837306734199
0.923000000000001 0.732798108723106
0.924000000000001 0.732758907183388
0.925000000000001 0.732719702115655
0.926000000000001 0.73267894493738
0.927000000000001 0.732637797450618
0.928000000000001 0.73259664684219
0.929000000000001 0.732555122488567
0.930000000000001 0.732512112750411
0.931000000000001 0.732469100279633
0.932000000000001 0.732426085076779
0.933000000000001 0.732382005450047
0.934000000000001 0.732337215593372
0.935000000000001 0.732292423376156
0.936000000000001 0.732247628798913
0.937000000000001 0.732200979808706
0.938000000000001 0.732154328846765
0.939000000000001 0.732107675913569
0.940000000000001 0.732060313222891
0.941000000000001 0.732011887067468
0.942000000000001 0.731963459312268
0.943000000000001 0.731915029957744
0.944000000000001 0.731865250335906
0.945000000000001 0.731815132265898
0.946000000000001 0.731765012950517
0.947000000000001 0.731714546908619
0.948000000000001 0.731662697912751
0.949000000000001 0.731610848034127
0.950000000000001 0.731558997273137
0.951000000000001 0.731506183929334
0.952000000000001 0.731452728887265
0.953000000000001 0.731399273299343
0.954000000000001 0.73134581716593
0.955000000000001 0.731290675350612
0.956000000000001 0.731235533343199
0.957000000000001 0.731180391144023
0.958000000000001 0.731124608075146
0.959000000000001 0.731067864032444
0.960000000000001 0.731011120134213
0.961000000000001 0.730954376380756
0.962000000000001 0.730896384364909
0.963000000000001 0.730838080686608
0.964000000000001 0.73077977748067
0.965000000000001 0.730721162736673
0.966000000000001 0.73066130061879
0.967000000000001 0.730601439300734
0.968000000000001 0.730541578782751
0.969000000000001 0.73048080801048
0.970000000000001 0.730419430923438
0.971000000000001 0.73035805488193
0.972000000000001 0.730296679959455
0.973000000000001 0.730233870799927
0.974000000000001 0.730171063060537
0.975000000000001 0.730108256741484
0.976000000000001 0.730044844929233
0.977000000000001 0.729980524389624
0.978000000000001 0.72991620558879
0.979000000000001 0.729851888526902
0.980000000000001 0.729786425422722
0.981000000000001 0.729720677309841
0.982000000000001 0.729654931237038
0.983000000000001 0.72958891682965
0.984000000000001 0.729521823133383
0.985000000000001 0.729454731760924
0.986000000000001 0.729387642712396
0.987000000000001 0.729319720697896
0.988000000000001 0.729251244381
0.989000000000001 0.729182770680188
0.990000000000001 0.729114299595556
0.991000000000001 0.72904447953918
0.992000000000001 0.728974662382541
0.993000000000001 0.728904848125712
0.994000000000001 0.728834513290419
0.995000000000001 0.728763396329648
0.996000000000001 0.728692282543299
0.997000000000001 0.728621171931421
0.998000000000001 0.728548885685929
0.999000000000001 0.728476308191101
1.0 0.728403734179898
1.001 0.727521730682848
1.002 0.726638822634714
1.003 0.725756451602867
1.004 0.724874617585602
1.005 0.723992589248447
1.006 0.723110612745185
1.007 0.722229176221395
1.008 0.721348279672639
1.009 0.720466710286079
1.01 0.719585683830401
1.011 0.718705200298428
1.012 0.717824808600479
1.013 0.716944285121335
1.014 0.71606430730405
1.015 0.715184875138896
1.016 0.714305058530664
1.017 0.713425557602462
1.018 0.712546605148874
1.019 0.711667977709281
1.02 0.710789006575253
1.021 0.709910586482188
1.022 0.709032717557966
1.023 0.708154756049846
1.024 0.707276918638334
1.025 0.706399634993952
1.026 0.70552290509931
1.027 0.704645702022071
1.028 0.70376905519785
1.029 0.702892964606891
1.03 0.70201700489995
1.031 0.701140965235552
1.032 0.700265484376068
1.033 0.699390562299279
1.034 0.698515447488031
1.035 0.697640705639843
1.036 0.696766524837363
1.037 0.695892694301148
1.038 0.695018583313987
1.039 0.694145035918058
1.04 0.6932720520865
