1.10099999999999 0.347744329099165
1.10199999999999 0.354388622622398
1.10299999999999 0.361032293265676
1.10399999999999 0.367675539162176
1.10499999999999 0.374318360298906
1.10599999999999 0.380960501679304
1.10699999999999 0.387602144506223
1.10799999999999 0.394243351398997
1.10899999999999 0.400884046224539
1.10999999999999 0.407523993028705
1.11099999999999 0.414163491224734
1.11199999999999 0.420802540799567
1.11299999999999 0.427440941433567
1.11399999999999 0.434078751568303
1.11499999999999 0.440716102649846
1.11599999999999 0.447352994665107
1.11699999999999 0.453989047966269
1.11799999999999 0.460624631049295
1.11899999999999 0.467259743901064
1.11999999999999 0.473894227881376
1.12099999999999 0.480527994323574
1.12199999999999 0.487161279319742
1.12299999999999 0.493794082856728
1.12399999999999 0.500426115167538
1.12499999999999 0.507057584889947
1.12599999999999 0.513688563486523
1.12699999999999 0.520318969724698
1.12799999999999 0.526948553704884
1.12899999999999 0.533577636139315
1.12999999999999 0.540206217014783
1.13099999999999 0.546834058936337
1.13199999999999 0.553461233321056
1.13299999999999 0.560087896485971
1.13399999999999 0.566714048417851
1.13499999999999 0.573339241757824
1.13599999999999 0.579963913464086
1.13699999999999 0.58658806352338
1.13799999999999 0.593211533436306
1.13899999999999 0.599834237730781
1.13999999999999 0.60645641145885
1.14099999999999 0.613078052601674
1.14199999999999 0.619698832414671
1.14299999999998 0.62631899092465
1.14399999999998 0.63293860990501
1.14499999999998 0.639557604036522
1.14599999999998 0.646175712069773
1.14699999999998 0.652793271669603
1.14799999999998 0.659410282822688
1.14899999999998 0.666026501158508
1.14999999999998 0.67264200161549
1.15099999999998 0.672613845748934
1.15199999999998 0.672585689430581
1.15299999999998 0.672557083739919
1.15399999999998 0.672528477596679
1.15499999999998 0.672499871000904
1.15599999999998 0.672471099739182
1.15699999999998 0.672442081704208
1.15799999999998 0.672413063215945
1.15899999999998 0.672384044274435
1.15999999999998 0.672354756914551
1.16099999999998 0.672325399875494
1.16199999999998 0.672296042382711
1.16299999999998 0.672266587088051
1.16399999999998 0.672236741946351
1.16499999999998 0.672206896350017
1.16599999999998 0.672177050299093
1.16699999999998 0.672147025908717
1.16799999999998 0.672116882473396
1.16899999999998 0.672086738582989
1.16999999999998 0.672056594237541
1.17099999999998 0.672026076618242
1.17199999999998 0.6719955585432
1.17299999999998 0.67196504001246
1.17399999999998 0.671934356867345
1.17499999999998 0.671903427027928
1.17599999999998 0.67187249673208
1.17699999999998 0.67184156597985
1.17799999999998 0.67181042761495
1.17899999999998 0.671779237004183
1.17999999999998 0.671748045936624
1.18099999999998 0.671716770216668
1.18199999999998 0.671685165917995
1.18299999999998 0.671653561161925
1.18399999999998 0.671621955948506
1.18499999999998 0.671590195036428
1.18599999999998 0.67155833017242
1.18699999999998 0.671526464850664
1.18799999999998 0.671494599071207
1.18899999999998 0.671462398304029
1.18999999999998 0.671430197078544
1.19099999999998 0.671397995394802
1.19199999999998 0.671365674762782
1.19299999999998 0.671333175937065
1.19399999999998 0.671300676652617
1.19499999999998 0.671268176909487
1.19599999999998 0.671235469950945
1.19699999999998 0.671202710844139
1.19799999999998 0.671169951278259
1.19899999999998 0.671137131946296
1.19999999999998 0.671104074926749
1.20099999999998 0.671055919738027
1.20199999999998 0.671007764993862
1.20299999999998 0.670959432847932
1.20399999999998 0.670910982592699
1.20499999999998 0.670862532795148
1.20599999999998 0.670814083455413
1.20699999999998 0.670765376453952
1.20799999999998 0.670716669921659
1.20899999999998 0.670667963858673
1.20999999999998 0.670619154860064
1.21099999999998 0.670570191231205
1.21199999999998 0.670521228083166
1.21299999999998 0.670472265416084
1.21399999999998 0.67042312702558
1.21499999999998 0.670373945073697
1.21599999999998 0.670324763612647
1.21699999999998 0.670275530982694
1.21799999999998 0.670226092211008
1.21899999999998 0.670176653941673
1.21999999999998 0.670127216174828
1.22099999999998 0.670077658059798
1.22199999999998 0.670028012430511
1.22299999999998 0.669978367312874
1.22399999999998 0.669928722707028
1.22499999999998 0.669878858154968
1.22599999999998 0.669828994124454
1.22699999999998 0.669779130615627
1.22799999999998 0.669729194725376
1.22899999999998 0.669679150007701
1.22999999999998 0.669629105819973
1.23099999999998 0.669579062162336
1.23199999999998 0.669528812727908
1.23299999999998 0.66947851225708
1.23399999999997 0.669428212327861
1.23499999999997 0.669377884043108
1.23599999999997 0.669327440714839
1.23699999999997 0.669276997934826
1.23799999999997 0.669226555703212
1.23899999999997 0.669175981962532
1.23999999999997 0.669125320739711
1.24099999999997 0.669074671320336
1.24199999999997 0.66902402245865
1.24299999999997 0.668973229809955
1.24399999999997 0.668922437725449
1.24499999999997 0.668871646205275
1.24599999999997 0.668820767280014
1.24699999999997 0.668769756971652
1.24799999999997 0.668718747237524
1.24899999999997 0.668667738077776
1.24999999999997 0.668616644181964
1.25099999999997 0.668565529537308
1.25199999999997 0.668514415472064
1.25299999999997 0.668463258034149
1.25399999999997 0.668411925372696
1.25499999999997 0.668360593300558
1.25599999999997 0.668309261817884
1.25699999999997 0.668257844191451
1.25799999999997 0.66820636933751
1.25899999999997 0.668154895079704
1.25999999999997 0.668103421418183
1.26099999999997 0.668051891108245
1.26199999999997 0.668000361397049
1.26299999999997 0.667948832284744
1.26399999999997 0.66789721576936
1.26499999999997 0.667845467856615
1.26599999999997 0.667793720552684
1.26699999999997 0.667741973857717
1.26799999999997 0.667690142679212
1.26899999999997 0.667638290840932
1.26999999999997 0.667586439616649
1.27099999999997 0.667534560142566
1.27199999999997 0.66748256583072
1.27299999999997 0.667430572139541
1.27399999999997 0.667378579069184
1.27499999999997 0.667326545365165
1.27599999999997 0.667274484781549
1.27699999999997 0.667222424822174
1.27799999999997 0.66717036548719
1.27899999999997 0.667118162563378
1.27999999999997 0.667065960270479
1.28099999999997 0.667013769871671
1.28199999999997 0.666961537628177
1.28299999999997 0.666909242305808
1.28399999999997 0.66685694761872
1.28499999999997 0.666804653567068
1.28599999999997 0.666752274863015
1.28699999999997 0.666699875476844
1.28799999999997 0.666647476731162
1.28899999999997 0.666595064901994
1.28999999999997 0.666542598818872
1.29099999999997 0.666490133379661
1.29199999999997 0.666437668584514
1.29299999999997 0.666385140514253
1.29399999999997 0.666332570479153
1.29499999999997 0.666280001093174
1.29599999999997 0.666227432356472
1.29699999999997 0.666174757783749
1.29799999999997 0.666122083865206
1.29899999999997 0.666069410600998
1.29999999999997 0.666016710580999
1.30099999999997 0.665963981390718
1.30199999999997 0.665911252857354
1.30299999999997 0.665858524981062
1.30399999999997 0.665805742596928
1.30499999999997 0.665752947081587
1.30599999999997 0.665700152226758
1.30699999999997 0.665647344337079
1.30799999999997 0.66559448232792
1.30899999999997 0.665541620982695
1.30999999999997 0.665488760301561
1.31099999999997 0.665435858942078
1.31199999999997 0.665382930687646
1.31299999999997 0.665330003100747
1.31399999999997 0.665277076181537
1.31499999999997 0.665224081054535
1.31599999999997 0.665171086598509
1.31699999999997 0.665118092813616
1.31799999999997 0.665065087307021
1.31899999999997 0.665012063883321
1.31999999999997 0.664959041132561
1.32099999999997 0.664906030267504
1.32199999999997 0.664852965007837
1.32299999999997 0.664799886656655
1.32399999999996 0.664746808981165
1.32499999999996 0.664693733270523
1.32599999999996 0.664640663391715
1.32699999999996 0.664587594188791
1.32799999999996 0.664534525661909
1.32899999999996 0.66448139409169
1.32999999999996 0.664428220721809
1.33099999999996 0.664375048033028
1.33199999999996 0.664321876025506
1.33299999999996 0.664268673324796
1.33399999999996 0.664215471307016
1.33499999999996 0.664162269972322
1.33599999999996 0.664109071901494
1.33699999999996 0.664055878384806
1.33799999999996 0.664002685551399
1.33899999999996 0.66394949340143
1.33999999999996 0.663896276840391
1.34099999999996 0.663843065962026
1.34199999999996 0.663789855768067
1.34299999999996 0.663736632513663
1.34399999999996 0.663683354965728
1.34499999999996 0.663630078105643
1.34599999999996 0.663576801933565
1.34699999999996 0.663523530318306
1.34799999999996 0.663470261970248
1.34899999999996 0.663416994310393
1.34999999999996 0.663363727338897
1.35099999999996 0.663310467063933
1.35199999999996 0.663257207477386
1.35299999999996 0.663203948579411
1.35399999999996 0.66315067800259
1.35499999999996 0.663097389564227
1.35599999999996 0.663044101816249
1.35699999999996 0.662990814758814
1.35799999999996 0.66293750298591
1.35899999999996 0.662884185553561
1.35999999999996 0.662830868813603
1.36099999999996 0.662777565280084
1.36199999999996 0.662724267577379
1.36299999999996 0.662670970566398
1.36399999999996 0.662617674247301
1.36499999999996 0.662564404857702
1.36599999999996 0.662511153650425
1.36699999999996 0.662457903133613
1.36799999999996 0.662404653307422
1.36899999999996 0.662351335105819
1.36999999999996 0.662298017598144
1.37099999999996 0.662244700784556
1.37199999999996 0.662191402146677
1.37299999999996 0.662138130424071
1.37399999999996 0.662084859394135
1.37499999999996 0.662031589057024
1.37599999999996 0.661978324513118
1.37699999999996 0.66192506193716
1.37799999999996 0.661871800054227
1.37899999999996 0.66181853997364
1.37999999999996 0.661765285022902
1.38099999999996 0.66171204205308
1.38199999999996 0.661658799775805
1.38299999999996 0.661605562004404
1.38399999999996 0.661552327467759
1.38499999999996 0.66149909362386
1.38599999999996 0.661445860472864
1.38699999999996 0.661392671225456
1.38799999999996 0.661339482669395
1.38899999999996 0.661286294804839
1.38999999999996 0.661233110160338
1.39099999999996 0.661179930000056
1.39199999999996 0.661126750531478
1.39299999999996 0.661073571754761
1.39399999999996 0.661020398077892
1.39499999999996 0.660967226194943
1.39599999999996 0.660914055004089
1.39699999999996 0.660860893215704
1.39799999999996 0.660807766959461
1.39899999999996 0.660754641393898
1.39999999999996 0.660701516519172
1.40099999999996 0.660653387050791
1.40199999999996 0.660605260243325
1.40299999999996 0.660557133743724
1.40399999999996 0.660509007552113
1.40499999999996 0.66046096240636
1.40599999999996 0.660412917566563
1.40699999999996 0.660364873032846
1.40799999999996 0.660316846034581
1.40899999999996 0.660268845185663
1.40999999999996 0.66022084464198
1.41099999999996 0.660172844403656
1.41199999999996 0.660124849132005
1.41299999999996 0.660076855331111
1.41399999999996 0.660028861835785
1.41499999999995 0.659980869809913
1.41599999999995 0.65993288274481
1.41699999999995 0.659884895985484
1.41799999999995 0.659836909532058
1.41899999999995 0.659788971522469
1.41999999999995 0.659741065909087
1.42099999999995 0.659693156641662
1.42199999999995 0.659645247678664
1.42299999999995 0.659597382386412
1.42399999999995 0.659549517397605
1.42499999999995 0.659501652712368
1.42599999999995 0.659453805514269
1.42699999999995 0.659405984394304
1.42799999999995 0.659358163577061
1.42899999999995 0.659310343062665
1.42999999999995 0.659262557198875
1.43099999999995 0.659214780223992
1.43199999999995 0.659167003551109
1.43299999999995 0.659119235762571
1.43399999999995 0.659071502604432
1.43499999999995 0.659023769747447
1.43599999999995 0.658976037191739
1.43699999999995 0.658928330669674
1.43799999999995 0.658880641602987
1.43899999999995 0.658832952836729
1.43999999999995 0.658785264371025
1.44099999999995 0.658737665974143
1.44199999999995 0.65869006787507
1.44299999999995 0.658642470073929
1.44399999999995 0.658594904566371
1.44499999999995 0.658547387348694
1.44599999999995 0.658499870427047
1.44699999999995 0.658452353801555
1.44799999999995 0.658404871706179
1.44899999999995 0.658357398464568
1.44999999999995 0.658309925518265
1.45099999999995 0.65826246142119
1.45199999999995 0.658215031834127
1.45299999999995 0.658167602541525
1.45399999999995 0.658120173543506
1.45499999999995 0.658072770487243
1.45599999999995 0.658025384822871
1.45699999999995 0.657977999452234
1.45799999999995 0.657930614375457
1.45899999999995 0.65788334694291
1.45999999999995 0.65783607980113
1.46099999999995 0.65778881295024
1.46199999999995 0.65774157831246
1.46299999999995 0.657694391847373
1.46399999999995 0.657647205671272
1.46499999999995 0.657600019784279
1.46599999999995 0.657552838320173
1.46699999999995 0.6575056581787
1.46799999999995 0.657458478326553
1.46899999999995 0.657411314783553
1.46999999999995 0.657364215607553
1.47099999999995 0.657317116718965
1.47199999999995 0.65727001811791
1.47299999999995 0.657222989894515
1.47399999999995 0.657176008682907
1.47499999999995 0.657129027755872
1.47599999999995 0.657082047113529
1.47699999999995 0.657035109652286
1.47799999999995 0.656988172474756
1.47899999999995 0.656941235581061
1.47999999999995 0.656894330684072
1.48099999999995 0.656847483026279
1.48199999999995 0.656800635649734
1.48299999999995 0.656753788554558
1.48399999999995 0.656707035355771
1.48499999999995 0.656660305839321
1.48599999999995 0.65661357660127
1.48699999999995 0.656566848647592
1.48799999999995 0.656520124995885
1.48899999999995 0.656473401622795
1.48999999999995 0.656426678528441
1.49099999999995 0.656380025872544
1.49199999999995 0.656333420266025
1.49299999999995 0.656286814935271
1.49399999999995 0.656240209880403
1.49499999999995 0.656193684568527
1.49599999999995 0.656147159530511
1.49699999999995 0.656100634766475
1.49799999999995 0.656054156874558
1.49899999999995 0.656007749151569
1.49999999999995 0.655961341699596
1.50099999999995 0.655914940705691
1.50199999999995 0.655868543930938
1.50299999999995 0.655822148414071
1.50399999999995 0.655775753168108
1.50499999999995 0.655729389017433
1.50599999999994 0.655683148432328
1.50699999999994 0.655636908114089
1.50799999999994 0.655590668062835
1.50899999999994 0.655544453437227
1.50999999999994 0.655498255850245
1.51099999999994 0.655452058529408
1.51199999999994 0.655405861474835
1.51299999999994 0.655359781001438
1.51399999999994 0.655313700791222
1.51499999999994 0.655267620844306
1.51599999999994 0.655221558038352
1.51699999999994 0.655175520811408
1.51799999999994 0.655129483846913
1.51899999999994 0.655083447144985
1.51999999999994 0.655037533560503
1.52099999999994 0.654955017117966
1.52199999999994 0.654872503533144
1.52299999999994 0.654790008568976
1.52399999999994 0.654707579506941
1.52499999999994 0.654625153292583
1.52599999999994 0.654542729926246
1.52699999999994 0.654460334652179
1.52799999999994 0.65437795905136
1.52899999999994 0.654295586293676
1.52999999999994 0.65421321637947
1.53099999999994 0.65413100261492
1.53199999999994 0.654048791672977
1.53299999999994 0.653966583553984
1.53399999999994 0.653884394928412
1.53499999999994 0.653802234127563
1.53599999999994 0.653720076144823
1.53699999999994 0.653637920980534
1.53799999999994 0.653555861573529
1.53899999999994 0.653473828205566
1.53999999999994 0.653391797640726
1.54099999999994 0.653273144386072
1.54199999999994 0.653154589105011
1.54299999999994 0.653036039155653
1.54399999999994 0.652917494538561
1.54499999999994 0.652799002332798
1.54599999999994 0.652680546830199
1.54699999999994 0.652562096641684
1.54799999999994 0.652443651767811
1.54899999999994 0.652325328096134
1.54999999999994 0.65220700971086
1.55099999999994 0.652088696612549
1.55199999999994 0.651970420248478
1.55299999999994 0.651852196328617
1.55399999999994 0.651733977677464
1.55499999999994 0.651615764295575
1.55599999999994 0.6514976187866
1.55699999999994 0.651379494180913
1.55799999999994 0.651261374826309
1.55899999999994 0.651143283845843
1.55999999999994 0.651025290589959
1.56099999999994 0.650907254234202
1.56199999999994 0.650789223105699
1.56299999999994 0.650671266163611
1.56399999999994 0.650553360398926
1.56499999999994 0.650435459833951
1.56599999999994 0.650317564469237
1.56699999999994 0.650199752911257
1.56799999999994 0.650081946534653
1.56899999999994 0.649964145339976
1.56999999999994 0.649846410050345
1.57099999999994 0.649728771000562
1.57199999999994 0.649611137095734
1.57299999999994 0.649493508336411
1.57399999999994 0.649375917632828
1.57499999999994 0.649258340293841
1.57599999999994 0.649140768091528
1.57699999999994 0.649023231398633
1.57799999999994 0.648905821309093
1.57899999999994 0.648788416319185
1.57999999999994 0.648671016429455
1.58099999999994 0.648553597506976
1.58199999999994 0.64843620009679
1.58299999999994 0.648318807781193
1.58399999999994 0.648201420560727
1.58499999999994 0.648084190047978
1.58599999999994 0.647966964592757
1.58699999999994 0.647849744195605
1.58799999999994 0.647732559902741
1.58899999999994 0.647615427223671
1.58999999999994 0.647498299584475
1.59099999999994 0.647381176985693
1.59199999999994 0.647264180527739
1.59299999999994 0.647147219351436
1.59399999999994 0.647030263178488
1.59499999999994 0.646913327503261
1.59599999999994 0.646796458795909
1.59699999999993 0.646679595073717
1.59799999999993 0.64656273633722
1.59899999999993 0.646445929186119
1.59999999999993 0.646329158072001
1.60099999999993 0.646197763776529
1.60199999999993 0.646066375398521
1.60299999999993 0.645935143947374
1.60399999999993 0.64580391836943
1.60499999999993 0.645672698665306
1.60599999999993 0.645541530357986
1.60699999999993 0.645410436185252
1.60799999999993 0.645279347853874
1.60899999999993 0.645148265364467
1.60999999999993 0.645017250653274
1.61099999999993 0.644886257248164
1.61199999999993 0.644755269663508
1.61299999999993 0.644624310673323
1.61399999999993 0.644493448577818
1.61499999999993 0.644362592270226
1.61599999999993 0.644231741751158
1.61699999999993 0.644100965274268
1.61799999999993 0.643970240061657
1.61899999999993 0.64383952060503
1.61999999999993 0.643708806904996
1.62099999999993 0.6435781727761
1.62199999999993 0.64344754439067
1.62299999999993 0.643316921749314
1.62399999999993 0.643186379530825
1.62499999999993 0.643055955035379
1.62599999999993 0.642925536229361
1.62699999999993 0.642795123113373
1.62799999999993 0.642664806438045
1.62899999999993 0.642534518110559
1.62999999999993 0.642404235440576
1.63099999999993 0.642273973770668
1.63199999999993 0.642143779113404
1.63299999999993 0.642013590092215
1.63399999999993 0.641883406707699
1.63499999999993 0.641753318870564
1.63599999999993 0.641623296575038
1.63699999999993 0.641493279872563
1.63799999999993 0.641363268763736
1.63899999999993 0.641233303451001
1.63999999999993 0.641103343720912
1.64099999999993 0.640973422593932
1.64199999999993 0.640843566797057
1.64299999999993 0.64071380617331
1.64399999999993 0.64058405108724
1.64499999999993 0.64045430153944
1.64599999999993 0.640324647874532
1.64699999999993 0.640195022304225
1.64799999999993 0.640065402239674
1.64899999999993 0.639935810248849
1.64999999999993 0.639806314013916
1.65099999999993 0.639676823252226
1.65199999999993 0.639547337964367
1.65299999999993 0.639417925787019
1.65399999999993 0.639288564147986
1.65499999999993 0.63915920795027
1.65599999999993 0.639029857194458
1.65699999999993 0.638900588051264
1.65799999999993 0.638771324327966
1.65899999999993 0.638642066025151
1.65999999999993 0.638512887209241
1.66099999999993 0.638383857541563
1.66199999999993 0.638254833237802
1.66299999999993 0.638125814298537
1.66399999999993 0.637996832590748
1.66499999999993 0.637867864204296
1.66599999999993 0.637738901171949
1.66699999999993 0.637609965961201
1.66799999999993 0.63748112595283
1.66899999999993 0.637352291266063
1.66999999999993 0.637223461901477
1.67099999999993 0.637094726874174
1.67199999999993 0.63696605647702
1.67299999999993 0.636837391358521
1.67399999999993 0.636708731519252
1.67499999999993 0.636580189068692
1.67599999999993 0.636451651864287
1.67699999999993 0.636323119906608
1.67799999999993 0.636194638003126
1.67899999999993 0.636066228533911
1.67999999999993 0.635937824278922
1.68099999999993 0.63580945755444
1.68199999999993 0.635681156557075
1.68299999999993 0.635552875881382
1.68399999999993 0.635424600397211
1.68499999999993 0.635296352470949
1.68599999999993 0.635168199180096
1.68699999999993 0.635040051048275
1.68799999999992 0.634911908076051
1.68899999999992 0.634783859026197
1.68999999999992 0.634655874275658
1.69099999999992 0.63452789464114
1.69199999999992 0.634399920123206
1.69299999999992 0.634272062124113
1.69399999999992 0.634144209208613
1.69499999999992 0.634016361377266
1.69599999999992 0.633888548770186
1.69699999999992 0.633760786441549
1.69799999999992 0.633633029175656
1.69899999999992 0.633505276973069
1.69999999999992 0.633377647879504
1.70099999999992 0.633250085286048
1.70199999999992 0.633122527710537
1.70299999999992 0.632994990193749
1.70399999999992 0.632867517843066
1.70499999999992 0.632740050488927
1.70599999999992 0.632612588131888
1.70699999999992 0.632485197504987
1.70799999999992 0.632357856337302
1.70899999999992 0.632230520134232
1.70999999999992 0.632103188896329
1.71099999999992 0.631976009609333
1.71199999999992 0.631848835243447
1.71299999999992 0.631721665799222
1.71399999999992 0.631594545683869
1.71499999999992 0.631467497077377
1.71599999999992 0.631340453360061
1.71699999999992 0.63121341453247
1.71799999999992 0.631086440515289
1.71899999999992 0.63095948634822
1.71999999999992 0.63083253704947
1.72099999999992 0.630705653565716
1.72199999999992 0.630578892377903
1.72299999999992 0.630452136013149
1.72399999999992 0.630325384471995
1.72499999999992 0.630198704075712
1.72599999999992 0.630072072690696
1.72699999999992 0.629945446096862
1.72799999999992 0.62981882429475
1.72899999999992 0.629692281964926
1.72999999999992 0.629565744404883
1.73099999999992 0.629439211615163
1.73199999999992 0.629312742173945
1.73299999999992 0.629186365338972
1.73399999999992 0.629059993230766
1.73499999999992 0.628933625849863
1.73599999999992 0.628807322824866
1.73699999999992 0.628681039414554
1.73799999999992 0.628554760710144
1.73899999999992 0.628428515917951
1.73999999999992 0.628302392628783
1.74099999999992 0.628176297468745
1.74199999999992 0.628050206970418
1.74299999999992 0.627924187270735
1.74399999999992 0.627798216297509
1.74499999999992 0.627672249953521
1.74599999999992 0.627546288239302
1.74699999999992 0.627420441277446
1.74799999999992 0.627294598912356
1.74899999999992 0.627168761144562
1.74999999999992 0.627042957675062
1.75099999999992 0.626917218868382
1.75199999999992 0.626791484636802
1.75299999999992 0.626665754980851
1.75399999999992 0.626540146327309
1.75499999999992 0.626414571316449
1.75599999999992 0.626289000837723
1.75699999999992 0.626163456860738
1.75799999999992 0.626038005272849
1.75899999999992 0.625912558184624
1.75999999999992 0.625787115596583
1.76099999999992 0.625661737389875
1.76199999999992 0.625536393279294
1.76299999999992 0.625411053646722
1.76399999999992 0.625285718492682
1.76499999999992 0.625160532987088
1.76599999999992 0.625035351916015
1.76699999999992 0.624910175279978
1.76799999999992 0.624785046900814
1.76899999999992 0.624659988665887
1.76999999999992 0.624534934833527
1.77099999999992 0.624409900660969
1.77199999999992 0.624284958450674
1.77299999999992 0.624160042502986
1.77399999999992 0.624035130925161
1.77499999999992 0.62391023846879
1.77599999999992 0.623785409373874
1.77699999999992 0.623660584627424
1.77799999999991 0.62353576422995
1.77899999999991 0.623411035002652
1.77999999999991 0.623286367969792
1.78099999999991 0.623161720561734
1.78199999999991 0.623037077458925
1.78299999999991 0.622912547821104
1.78399999999991 0.622788022455563
1.78499999999991 0.622663501362806
1.78599999999991 0.622539042327216
1.78699999999991 0.622414674209738
1.78799999999991 0.622290310321555
1.78899999999991 0.622165950663169
1.78999999999991 0.622041625714012
1.79099999999991 0.621917327787752
1.79199999999991 0.621793034080196
1.79299999999991 0.621668773439027
1.79399999999991 0.621544632379303
1.79499999999991 0.621420495494794
1.79599999999991 0.621296362786001
1.79699999999991 0.621172278251905
1.79799999999991 0.621048227208532
1.79899999999991 0.620924180319477
1.79999999999991 0.620800137585234
