0.36 0.286423395449203
0.361 0.296121027911619
0.362 0.305985711321513
0.363 0.316017940585779
0.364 0.326206837353279
0.365 0.336545939409645
0.366 0.347052222453496
0.367 0.357726137679142
0.368 0.368544881247586
0.369 0.379524770688013
0.37 0.390671857972695
0.371 0.400392869138136
0.372 0.410168286312991
0.373 0.420020247895949
0.374 0.429948903826432
0.375 0.439938036813441
0.376 0.449992235228088
0.377 0.460122292181916
0.378 0.470328341377452
0.379 0.480584584492049
0.38 0.490915945645145
0.381 0.497858221411003
0.382 0.504822846456367
0.383 0.51180477488823
0.384 0.518817701472205
0.385 0.525861659603319
0.386 0.532920328230735
0.387 0.540005495416492
0.388 0.547121221838817
0.389 0.554264095442623
0.39 0.561423543617066
0.391 0.565613064954662
0.392 0.569813002948226
0.393 0.574015052810261
0.394 0.578221808493811
0.395 0.582438764171375
0.396 0.586665920269377
0.397 0.590892721595676
0.398 0.595129558678917
0.399 0.599376430923449
0.4 0.603631015120888
0.401 0.605861506402135
0.402 0.608089700918821
0.403 0.610315596208706
0.404 0.61253591931237
0.405 0.614753089002902
0.406 0.616967916904183
0.407 0.61918019071973
0.408 0.621389273182794
0.409 0.623595997473725
0.41 0.625800361099548
0.411 0.626266681622166
0.412 0.626732908760424
0.413 0.627198287981405
0.414 0.627662818545364
0.415 0.62813103403089
0.416 0.628598412242753
0.417 0.629064952449053
0.418 0.629533445389045
0.419 0.630005299882373
0.42 0.630476333921148
0.421 0.630385051299168
0.422 0.630300731310353
0.423 0.630217852228515
0.424 0.630134571530679
0.425 0.630053090780619
0.426 0.629980021620815
0.427 0.629906562126023
0.428 0.629832712249343
0.429 0.629766091398841
0.43 0.629704170234352
0.431 0.629212170490363
0.432 0.628720288267396
0.433 0.628242563787782
0.434 0.627764952230486
0.435 0.627287453614408
0.436 0.626816202008438
0.437 0.626354260907652
0.438 0.625892427734425
0.439 0.625430702506882
0.44 0.624982068753563
0.441 0.624244563385759
0.442 0.623507466951058
0.443 0.622774192567664
0.444 0.622054966514817
0.445 0.621336127852573
0.446 0.620617676618618
0.447 0.619910152378376
0.448 0.619210024107623
0.449 0.618510261018948
0.45 0.617810863147991
0.451 0.617048914628533
0.452 0.616287378908675
0.453 0.615526256028537
0.454 0.614772872141931
0.455 0.614030870564054
0.456 0.613289253684533
0.457 0.612548021540921
0.458 0.611821881391433
0.459 0.611099777243728
0.46 0.610378029481738
0.461 0.609709204452851
0.462 0.609054933025251
0.463 0.608400898533541
0.464 0.60774710107235
0.465 0.607104578631571
0.466 0.606469631457333
0.467 0.605834895903329
0.468 0.605200372056605
0.469 0.604584355521902
0.47 0.603968525230246
0.471 0.603493727763488
0.472 0.603026324604394
0.473 0.602569940366881
0.474 0.602113660526367
0.475 0.601657485133527
0.476 0.601215702422487
0.477 0.60077758119889
0.478 0.600339547784075
0.479 0.599905125798354
0.48 0.599484876056564
0.481 0.599161420995374
0.482 0.598838025329398
0.483 0.598525054518867
0.484 0.59821904485883
0.485 0.597913083926516
0.486 0.597607171737587
0.487 0.597318177666799
0.488 0.597029221884725
0.489 0.596740304404831
0.49 0.596458041264913
0.491 0.596098813072068
0.492 0.595739627986946
0.493 0.595380486025311
0.494 0.595034208115674
0.495 0.594691165375875
0.496 0.594348151122612
0.497 0.594008236690002
0.498 0.593680627598842
0.499 0.593353032937579
0.5 0.593025452716256
0.501 0.592625641103658
0.502 0.592231132922761
0.503 0.591836628903827
0.504 0.591442129056469
0.505 0.591061966064658
0.506 0.590681790148379
0.507 0.590301601313933
0.508 0.589926946053879
0.509 0.589560586001579
0.51 0.589194196453068
0.511 0.589182001744633
0.512 0.589180475609454
0.513 0.589181613683851
0.514 0.589182747836092
0.515 0.589186451646827
0.516 0.589200445887892
0.517 0.589214436256427
0.518 0.589228422752174
0.519 0.58924982164192
0.52 0.589276160874148
0.521 0.589192122533069
0.522 0.589108067153732
0.523 0.589035809903753
0.524 0.588963531229262
0.525 0.588891231128812
0.526 0.588823457336951
0.527 0.588762480764769
0.528 0.588701478539837
0.529 0.588640450660259
0.53 0.588588027785583
0.531 0.588972938285239
0.532 0.589357932853185
0.533 0.589745078336614
0.534 0.590140582119185
0.535 0.590536181409781
0.536 0.590931876214994
0.537 0.591333617629629
0.538 0.59173943071701
0.539 0.5921453502806
0.54 0.592551376327929
0.541 0.592632416621308
0.542 0.592713454255416
0.543 0.592794489230143
0.544 0.592879115895314
0.545 0.592969131255151
0.546 0.593059143711507
0.547 0.593149153264262
0.548 0.593245914541329
0.549 0.593344361365387
0.55 0.593442805056389
0.551 0.593771240310873
0.552 0.594106166453087
0.553 0.594441181504255
0.554 0.594776285466634
0.555 0.595116002733353
0.556 0.595458829647329
0.557 0.595801751068102
0.558 0.596144766998077
0.559 0.596495020893126
0.56 0.596845374589033
0.561 0.597062509337238
0.562 0.597282350149177
0.563 0.597506232423471
0.564 0.597730154656348
0.565 0.59795411684781
0.566 0.598183130037831
0.567 0.598413437597806
0.568 0.598643786951225
0.569 0.598875362970038
0.57 0.599111721310894
0.571 0.599564048558893
0.572 0.600016526481266
0.573 0.600472427220235
0.574 0.600930664476328
0.575 0.601389057925051
0.576 0.601847607566403
0.577 0.602311397921595
0.578 0.602775349603854
0.579 0.603239462613179
0.58 0.60370563608857
0.581 0.604008723687779
0.582 0.604311881595766
0.583 0.604615109808296
0.584 0.604921932263441
0.585 0.605229707814706
0.586 0.605537555673781
0.587 0.605846281082248
0.588 0.606158300878315
0.589 0.606470394810354
0.59 0.606782562873916
0.591 0.607293701819193
0.592 0.607806483016325
0.593 0.608319448015897
0.594 0.608832596807376
0.595 0.609349339865904
0.596 0.609866270453259
0.597 0.610383388558704
0.598 0.610901906518641
0.599 0.611422432829577
0.6 0.611943149960071
0.601 0.612300806891896
0.602 0.612660765129341
0.603 0.61302137357815
0.604 0.613382081558466
0.605 0.613743376689427
0.606 0.614106722665797
0.607 0.614470169532044
0.608 0.614833717282225
0.609 0.615198660184494
0.61 0.615564567780915
0.611 0.616101125427816
0.612 0.616637885865891
0.613 0.61717676126086
0.614 0.617715841556763
0.615 0.618255126741912
0.616 0.618795268833358
0.617 0.619336595104288
0.618 0.619878128044325
0.619 0.620419867641684
0.62 0.620962919044115
0.621 0.621448840537659
0.622 0.621934945740007
0.623 0.622421453939071
0.624 0.622909023606476
0.625 0.623396777995829
0.626 0.623884717107128
0.627 0.624373412516016
0.628 0.624862674400185
0.629 0.625352121884932
0.63 0.625841754970259
0.631 0.62629787923123
0.632 0.626754167506917
0.633 0.627210619797321
0.634 0.62766744329108
0.635 0.628124741876234
0.636 0.628582204895707
0.637 0.629039832349498
0.638 0.629497834890296
0.639 0.629956054720252
0.64 0.63041443919749
0.641 0.630811016482135
0.642 0.63120775329774
0.643 0.631604614737993
0.644 0.632001600802892
0.645 0.632398626757162
0.646 0.632795720776907
0.647 0.633192939335064
0.648 0.633590282431632
0.649 0.6339874231219
0.65 0.634384688151184
0.651 0.634823531321973
0.652 0.635262349446283
0.653 0.635701054281429
0.654 0.636139909774116
0.655 0.636578915924344
0.656 0.637017542427433
0.657 0.637456186571191
0.658 0.637894980882823
0.659 0.638333769640257
0.66 0.638772085332569
0.661 0.63919119811348
0.662 0.639610461708837
0.663 0.640029296347928
0.664 0.640447894781852
0.665 0.64086664341506
0.666 0.641285542260344
0.667 0.641703509115478
0.668 0.642121625476996
0.669 0.642539891357626
0.67 0.64295782748844
0.671 0.643361282559266
0.672 0.643764876748202
0.673 0.644168610066997
0.674 0.644571401349437
0.675 0.644974060722911
0.676 0.645376858408267
0.677 0.645779508175476
0.678 0.646181150769441
0.679 0.64658293080744
0.68 0.646984848301057
0.681 0.647358004890129
0.682 0.647730630136814
0.683 0.648103372950089
0.684 0.648476233339675
0.685 0.64884758189924
0.686 0.649219047169064
0.687 0.649590629158785
0.688 0.649961584845756
0.689 0.650331542017282
0.69 0.650701614928703
0.691 0.651029786306712
0.692 0.651356613341404
0.693 0.651683169522086
0.694 0.652009812831199
0.695 0.652336146877899
0.696 0.652660981984222
0.697 0.652985903420102
0.698 0.653310911192348
0.699 0.653633539035002
0.7 0.653954607687021
0.701 0.654215389781031
0.702 0.654476213797169
0.703 0.654733330082506
0.704 0.654990487432238
0.705 0.655247685845865
0.706 0.655504048156762
0.707 0.65575913543077
0.708 0.656014263266331
0.709 0.656269431662954
0.71 0.656522792267694
0.711 0.656719374015795
0.712 0.656915965682932
0.713 0.657112104210676
0.714 0.657306400345322
0.715 0.657500706267467
0.716 0.657695021976981
0.717 0.65788791029091
0.718 0.658079850161544
0.719 0.658271799683503
0.72 0.658463758856658
0.721 0.658603848591686
0.722 0.658743922565884
0.723 0.658883980779421
0.724 0.659023031750909
0.725 0.659160579902009
0.726 0.65929811252477
0.727 0.659435629619359
0.728 0.659571114930129
0.729 0.659706080861277
0.73 0.659841031500498
0.731 0.659897565419513
0.732 0.659951996886136
0.733 0.660006375373054
0.734 0.660060700880872
0.735 0.660113412543027
0.736 0.660165031335612
0.737 0.660216598008947
0.738 0.660268112563632
0.739 0.660317008454703
0.74 0.660365853075377
0.741 0.660329472846176
0.742 0.660291943910059
0.743 0.660252738658415
0.744 0.66021344365385
0.745 0.660174058897407
0.746 0.660132468840036
0.747 0.66009026154716
0.748 0.660047966063087
0.749 0.660005053218487
0.75 0.659959936439172
0.751 0.659822251206498
0.752 0.659684438192218
0.753 0.659544865177771
0.754 0.659404078133534
0.755 0.659263165681564
0.756 0.659122127823324
0.757 0.658978319969982
0.758 0.658834389020667
0.759 0.658690334976818
0.76 0.658545070151746
0.761 0.658276852808833
0.762 0.658008463909105
0.763 0.657739903454571
0.764 0.657469058301531
0.765 0.65719751627021
0.766 0.656925805977779
0.767 0.656653377102445
0.768 0.656378580733584
0.769 0.656103619540677
0.77 0.655828493525655
0.771 0.655430195712934
0.772 0.655030648080502
0.773 0.654630890997805
0.774 0.654230924467303
0.775 0.65382800666911
0.776 0.653424883886465
0.777 0.653021556121779
0.778 0.652616987322748
0.779 0.652210662419809
0.78 0.651804136763998
0.781 0.651247097723799
0.782 0.650687616449923
0.783 0.650127336695982
0.784 0.649566805235796
0.785 0.64900550644558
0.786 0.648441896703807
0.787 0.647878040690903
0.788 0.647313938409769
0.789 0.646748003899967
0.79 0.646180770288214
0.791 0.645441199384453
0.792 0.644701327236501
0.793 0.643958594177528
0.794 0.643215566687229
0.795 0.64247224476908
0.796 0.641727593099184
0.797 0.64098109885386
0.798 0.640234317100372
0.799 0.639487247842116
0.8 0.638737105592752
0.801 0.637019203778116
0.802 0.635303719905118
0.803 0.633590091246594
0.804 0.631876640960731
0.805 0.560147219699751
0.806 0.558628474636467
0.807 0.55711059606952
0.808 0.555594024223298
0.809 0.554079622930115
0.81 0.552567391366984
0.811 0.550872183055168
0.812 0.54917954704318
0.813000000000001 0.547489482265126
0.814000000000001 0.545801130140706
0.815000000000001 0.544114070569044
0.816000000000001 0.501747373420914
0.817000000000001 0.459635541589358
0.818000000000001 0.417776737275916
0.819000000000001 0.376171603335847
0.820000000000001 0.334819901486954
0.821000000000001 0.293593798423672
0.822000000000001 0.252654133551793
0.823000000000001 0.212001230143164
0.824000000000001 0.17163438943731
0.825000000000001 0.131552611818102
0.826000000000001 0.131079347117562
0.827000000000001 0.130606860547977
0.828000000000001 0.130135151728194
0.829000000000001 0.129663739891969
0.830000000000001 0.129193108657701
0.831000000000001 0.128678496660837
0.832000000000001 0.128164576305551
0.833000000000001 0.127651256307133
0.834000000000001 0.127138817983797
0.835000000000001 0.0633136304355317
0.836000000000001 0.0630581024156637
0.837000000000001 0.0628029688589315
0.838000000000001 0.0625482771841754
0.839000000000001 0.0622939830786726
