0.8 0.0716894757479614
0.801 0.0715834063849766
0.802 0.0714772987410986
0.803 0.0713710895227457
0.804 0.0712645894762191
0.805 0.142316104393475
0.806 0.142102955369482
0.807 0.141889402505777
0.808 0.141675557057076
0.809 0.141461638973448
0.81 0.141247648255755
0.811 0.140986199937985
0.812 0.14072466681848
0.813000000000001 0.140463048898248
0.814000000000001 0.140201125907082
0.815000000000001 0.139938789268063
0.816000000000001 0.181579281073475
0.817000000000001 0.223062189237528
0.818000000000001 0.264386644432179
0.819000000000001 0.305552890386783
0.820000000000001 0.346561022421344
0.821000000000001 0.387243128753963
0.822000000000001 0.427729653980963
0.823000000000001 0.468021571125934
0.824000000000001 0.508118794884631
0.825000000000001 0.548019984810906
0.826000000000001 0.546721146026557
0.827000000000001 0.545421938603324
0.828000000000001 0.544122362545592
0.829000000000001 0.54282040678966
0.830000000000001 0.541518092596152
0.831000000000001 0.540027570720019
0.832000000000001 0.538535855369467
0.833000000000001 0.537042561490401
0.834000000000001 0.53554887164865
0.835000000000001 0.600811634080048
0.836000000000001 0.599128538432184
0.837000000000001 0.597444558342456
0.838000000000001 0.595760146059325
0.839000000000001 0.594074881271555
0.840000000000001 0.592387510507621
0.841000000000001 0.590437053797248
0.842000000000001 0.588486114755912
0.843000000000001 0.586533408396403
0.844000000000001 0.584579374878953
0.845000000000001 0.582624873827024
0.846000000000001 0.580669905246204
0.847000000000001 0.578712453893821
0.848000000000001 0.576754549124948
0.849000000000001 0.574796190945013
0.850000000000001 0.572836568343071
0.851000000000001 0.570612320767503
0.852000000000001 0.568387577137316
0.853000000000001 0.566162337458454
0.854000000000001 0.563935055629993
0.855000000000001 0.561706905359647
0.856000000000001 0.55947827474898
0.857000000000001 0.557248781821203
0.858000000000001 0.555017290052635
0.859000000000001 0.552785333657924
0.860000000000001 0.550552912642653
0.861000000000001 0.548055679062749
0.862000000000001 0.545557202126592
0.863000000000001 0.543058224423818
0.864000000000001 0.54055874596045
0.865000000000001 0.538056952657139
0.866000000000001 0.535554675833986
0.867000000000001 0.533051915496817
0.868000000000001 0.530547991899719
0.869000000000001 0.528042576633172
0.870000000000001 0.52553669424211
0.871000000000001 0.522774176058936
0.872000000000001 0.520009787947995
0.873000000000001 0.517244563425665
0.874000000000001 0.514478843333949
0.875000000000001 0.511712293996713
0.876000000000001 0.508943925381462
0.877000000000001 0.506175079561108
0.878000000000001 0.503405756541428
0.879000000000001 0.500635010976658
0.880000000000001 0.49786317216159
0.881000000000001 0.494856462788618
0.882000000000001 0.491849255692746
0.883000000000001 0.488840039676104
0.884000000000001 0.485830344804415
0.885000000000001 0.482820171083498
0.886000000000001 0.479808936024419
0.887000000000001 0.476796361346864
0.888000000000001 0.473783326353426
0.889000000000001 0.470769831049707
0.890000000000001 0.46775473952753
0.891000000000001 0.464526322493975
0.892000000000001 0.461297432914644
0.893000000000001 0.458067797868156
0.894000000000001 0.454836610249232
0.895000000000001 0.451604969552314
0.896000000000001 0.44837287578294
0.897000000000001 0.445139548292682
0.898000000000001 0.441905262575856
0.899000000000001 0.438670542891484
0.900000000000001 0.435435389244883
0.901000000000001 0.431986391910525
0.902000000000001 0.428537645064404
0.903000000000001 0.425089148791807
0.904000000000001 0.421640429147755
0.905000000000001 0.418191262880646
0.906000000000001 0.414742366978364
0.907000000000001 0.411293741520072
0.908000000000001 0.407844488063118
0.909000000000001 0.404395297799352
0.910000000000001 0.400946397346283
0.911000000000001 0.397372910016484
0.912000000000001 0.393798824095307
0.913000000000001 0.390225059468611
0.914000000000001 0.386651616205754
0.915000000000001 0.383077900145421
0.916000000000001 0.379504124305247
0.917000000000001 0.375930688621164
0.918000000000001 0.372357593156698
0.919000000000001 0.368783822196272
0.920000000000001 0.365210411375384
0.921000000000001 0.361556744422302
0.922000000000001 0.357903083862846
0.923000000000001 0.354249261718922
0.924000000000001 0.350595826730962
0.925000000000001 0.346942778951761
0.926000000000001 0.343289392860958
0.927000000000001 0.339636230142156
0.928000000000001 0.335983474174763
0.929000000000001 0.332330956868161
0.930000000000001 0.328678184991107
0.931000000000001 0.324989215103068
0.932000000000001 0.321300675001479
0.933000000000001 0.31761210430352
0.934000000000001 0.313923670836253
0.935000000000001 0.310235685163306
0.936000000000001 0.306548147320375
0.937000000000001 0.302860291278273
0.938000000000001 0.299172901853363
0.939000000000001 0.295485979075474
0.940000000000001 0.291799240850642
0.941000000000001 0.288149159225236
0.942000000000001 0.284499557365491
0.943000000000001 0.280850435295384
0.944000000000001 0.277201282217226
0.945000000000001 0.273552496440991
0.946000000000001 0.269904207376667
0.947000000000001 0.266256289329106
0.948000000000001 0.262608375534843
0.949000000000001 0.258960975770158
0.950000000000001 0.255314090048323
0.951000000000001 0.251747853199278
0.952000000000001 0.248181910911447
0.953000000000001 0.244616486954963
0.954000000000001 0.241051581337889
0.955000000000001 0.237486646820109
0.956000000000001 0.233922247116487
0.957000000000001 0.230358382229923
0.958000000000001 0.226794853424908
0.959000000000001 0.223231572282305
0.960000000000001 0.219668841600329
0.961000000000001 0.216245542708481
0.962000000000001 0.212822409199372
0.963000000000001 0.209399726878325
0.964000000000001 0.2059775880807
0.965000000000001 0.202555906310604
0.966000000000001 0.199134430870643
0.967000000000001 0.195713513559878
0.968000000000001 0.192293154367194
0.969000000000001 0.188873117719187
0.970000000000001 0.185453493511459
0.971000000000001 0.182224334693039
0.972000000000001 0.17899571625806
0.973000000000001 0.17576729270154
0.974000000000001 0.172539422201203
0.975000000000001 0.169312104738348
0.976000000000001 0.166085202221398
0.977000000000001 0.162858654991323
0.978000000000001 0.159632674162266
0.979000000000001 0.156407259711313
0.980000000000001 0.153182170696227
0.981000000000001 0.15019110980391
0.982000000000001 0.147200585827758
0.983000000000001 0.144210545300547
0.984000000000001 0.141220834522158
0.985000000000001 0.138231671668693
0.986000000000001 0.135243056711731
0.987000000000001 0.132254838151354
0.988000000000001 0.129267075578974
0.989000000000001 0.126279872226393
0.990000000000001 0.123293228061607
0.991000000000001 0.120598537805369
0.992000000000001 0.11790436189375
0.993000000000001 0.115210700294748
0.994000000000001 0.112517472161773
0.995000000000001 0.109824643826876
0.996000000000001 0.107132339379514
0.997000000000001 0.104440558784648
0.998000000000001 0.101749137374895
0.999000000000001 0.0990582083878241
1.0 0.096367814031999
1.001 0.0938866793446202
1.002 0.091411163887446
1.003 0.0889414531439305
1.004 0.0864775418779618
1.005 0.084019339982282
1.006 0.0815668771176569
1.007 0.0791202062550542
1.008 0.0766793221292021
1.009 0.0742440944949812
1.01 0.0718146512462751
1.011 0.0697431526369606
1.012 0.0676765229548545
1.013 0.0656147409743061
1.014 0.0635578679163093
1.015 0.0615058992619471
1.016 0.0594587530720947
1.017 0.0574164888758485
1.018 0.0553791221521731
1.019 0.0533466316090905
1.02 0.0513189662747363
1.021 0.0496511464185669
1.022 0.047987334324326
1.023 0.0463274841407839
1.024 0.0446716101812004
1.025 0.043019737771135
1.026 0.0413718631550271
1.027 0.0397279246800081
1.028 0.0380879812673115
1.029 0.0364520291445174
1.03 0.0348200434430418
1.031 0.0335636180058293
1.032 0.0323102494491153
1.033 0.0310599348717146
1.034 0.0298126392987929
1.035 0.0285683868959555
1.036 0.0273271831041254
1.037 0.0260890171093542
1.038 0.0248538645393124
1.039 0.0236217555722959
1.04 0.0223926872823985
