0.52 0.00589276160874207
0.521 0.00854328577673009
0.522 0.0111930532759215
0.523 0.0138423415327388
0.524 0.0164909788744199
0.525 0.019138965011687
0.526 0.0217864679214678
0.527 0.0244336429517385
0.528 0.0270802680128331
0.529 0.0297263427583437
0.53 0.0323723415282077
0.531 0.0350438898279723
0.532 0.0377189077026044
0.533 0.0403975378660587
0.534 0.0430802624947011
0.535 0.0457665540592586
0.536 0.0484564138496301
0.537 0.0511503579249635
0.538 0.0538482881952485
0.539 0.0565498809517979
0.54 0.0592551376327981
0.541 0.0829685383269883
0.542 0.10668842176598
0.543 0.130414787630637
0.544 0.154148570132787
0.545 0.17789073937655
0.546 0.201640108861918
0.547 0.225396678240425
0.548 0.249163284107363
0.549 0.272938406228083
0.55 0.296721402528199
0.551 0.317667613566322
0.552 0.338640514878264
0.553 0.359636914810079
0.554 0.380656822698651
0.555 0.401703301845018
0.556 0.422775769049609
0.557 0.443872304545741
0.558 0.464992918258505
0.559 0.486143442027902
0.56 0.507318568400678
0.561 0.507503132936653
0.562 0.5076899976268
0.563 0.50788029755995
0.564 0.508070631457896
0.565 0.508260999320638
0.566 0.508455660532157
0.567 0.508651421958135
0.568 0.508847218908541
0.569 0.509044058524532
0.57 0.50924496311426
0.571 0.509629441275059
0.572 0.510014047509076
0.573 0.5104015631372
0.574 0.510791064804879
0.575 0.511180699236293
0.576 0.511570466431442
0.577 0.511964688233356
0.578 0.512359047163276
0.579 0.512753543221202
0.58 0.513149790675285
0.581 0.513407415134613
0.582 0.513665099356401
0.583 0.513922843337051
0.584 0.514183642423925
0.585 0.5144452516425
0.586 0.514706922322714
0.587 0.514969338919911
0.588 0.515234555746568
0.589 0.515499835588801
0.59 0.515765178442828
0.591 0.516199646546314
0.592 0.516635510563876
0.593 0.517071530813513
0.594 0.51750770728627
0.595 0.517946938886019
0.596 0.51838632988527
0.597 0.518825880274898
0.598 0.519266620540844
0.599 0.51970906790514
0.6 0.52015167746606
0.601 0.520455685858112
0.602 0.52076165035994
0.603 0.521068167541428
0.604 0.521374769324696
0.605 0.521681870186013
0.606 0.521990714265928
0.607 0.522299644102237
0.608 0.522608659689891
0.609 0.52291886115682
0.61 0.523229882613778
0.611 0.523685956613644
0.612 0.524142202986008
0.613 0.524600247071731
0.614 0.525058465323248
0.615 0.525516857730625
0.616 0.525975978508355
0.617 0.526436105838645
0.618 0.526896408837676
0.619 0.527356887495432
0.62 0.527818481187498
0.621 0.52823151445701
0.622 0.528644703879006
0.623 0.52905823584821
0.624 0.529472670065505
0.625 0.529887261296454
0.626 0.530302009541059
0.627 0.530717400638614
0.628 0.531133273240157
0.629 0.531549303602192
0.63 0.53196549172472
0.631 0.532353197346546
0.632 0.53274104238088
0.633 0.533129026827723
0.634 0.533517326797418
0.635 0.533906030594799
0.636 0.534294874161351
0.637 0.534683857497074
0.638 0.535073159656752
0.639 0.535462646512214
0.64 0.535852273317866
0.641 0.536189364009815
0.642 0.536526590303079
0.643 0.536863922527294
0.644 0.537201360682458
0.645 0.537538832743588
0.646 0.537876362660371
0.647 0.538213998434804
0.648 0.538551740066887
0.649 0.538889309653615
0.65 0.539226984928507
0.651 0.539600001623677
0.652 0.539972997029341
0.653 0.540345896139214
0.654 0.540718923307999
0.655 0.541092078535693
0.656 0.541464911063318
0.657 0.541837758585512
0.658 0.542210733750399
0.659 0.542583704194219
0.66 0.542956272532684
0.661 0.543312518396458
0.662 0.543668892452512
0.663 0.544024901895739
0.664 0.544380710564575
0.665 0.544736646902801
0.666 0.545092710921292
0.667 0.545447982748156
0.668 0.545803381655447
0.669 0.546158907653982
0.67 0.546514153365174
0.671 0.546857090175376
0.672 0.547200145235972
0.673 0.547543318556947
0.674 0.547885691147021
0.675 0.548227951614474
0.676 0.548570329647027
0.677 0.548912581949155
0.678 0.549253978154025
0.679 0.549595491186324
0.68 0.549937121055894
0.681 0.52759677398545
0.682 0.505229891506709
0.683 0.482837012847811
0.684 0.460418125671164
0.685 0.437972117781982
0.686 0.415500190188196
0.687 0.39300233064106
0.688 0.370478103362076
0.689 0.347927374979241
0.69 0.325350807464346
0.691 0.299473701701082
0.692 0.273569777603383
0.693 0.247639604418386
0.694 0.221683336362601
0.695 0.195700844063362
0.696 0.16969185531589
0.697 0.143656898752415
0.698 0.117595964014615
0.699 0.0915086954648918
0.7 0.0653954607687011
0.701 0.0624775697240875
0.702 0.0595573354555414
0.703 0.0566344330521358
0.704 0.0537092199694425
0.705 0.0507816956530536
0.706 0.0478517955154427
0.707 0.0449195007770068
0.708 0.0419849128490442
0.709 0.0390480311839448
0.71 0.0361087535747222
0.711 0.0331643283877967
0.712 0.0302181344214139
0.713 0.0272701523247421
0.714 0.0243203368127759
0.715 0.0213687729536917
0.716 0.0184154606153545
0.717 0.0154603658918354
0.718 0.0125035171530684
0.719 0.00954494109540981
