0.890000000000001 0.00467754739527624
0.891000000000001 0.00673563167616358
0.892000000000001 0.00876465122537918
0.893000000000001 0.0107645932499026
0.894000000000001 0.0127354250869795
0.895000000000001 0.0146771615104512
0.896000000000001 0.0165897964039697
0.897000000000001 0.0184732912541473
0.898000000000001 0.0203276420784904
0.899000000000001 0.0221528624160209
0.900000000000001 0.0239489464084695
0.901000000000001 0.0257031903186772
0.902000000000001 0.0274264092841228
0.903000000000001 0.0291186066922398
0.904000000000001 0.0307797513277871
0.905000000000001 0.0324098228732511
0.906000000000001 0.0340088740922269
0.907000000000001 0.0355769086414873
0.908000000000001 0.0371138484137448
0.909000000000001 0.0386197509398391
0.910000000000001 0.0400946397346372
0.911000000000001 0.0556322074023165
0.912000000000001 0.070883788337164
0.913000000000001 0.0858495130831031
0.914000000000001 0.100529420213505
0.915000000000001 0.114923370043635
0.916000000000001 0.129031402263792
0.917000000000001 0.142853661676051
0.918000000000001 0.156390189125821
0.919000000000001 0.169640558210293
0.920000000000001 0.182605205687699
0.921000000000001 0.193432858265939
0.922000000000001 0.204004757801829
0.923000000000001 0.214320803339955
0.924000000000001 0.224381329107822
0.925000000000001 0.234186375792445
0.926000000000001 0.243735468931287
0.927000000000001 0.253028991455913
0.928000000000001 0.262067109856322
0.929000000000001 0.270849729847558
0.930000000000001 0.279376457242441
0.931000000000001 0.276240832837608
0.932000000000001 0.273105573751258
0.933000000000001 0.269970288657992
0.934000000000001 0.266835120210815
0.935000000000001 0.26370033238881
0.936000000000001 0.260565925222319
0.937000000000001 0.257431247586532
0.938000000000001 0.254296966575358
0.939000000000001 0.251163082214153
0.940000000000001 0.248029354723046
0.941000000000001 0.244926785341451
0.942000000000001 0.241824623760667
0.943000000000001 0.238722870001076
0.944000000000001 0.235621089884642
0.945000000000001 0.232519621974842
0.946000000000001 0.229418576270167
0.947000000000001 0.22631784592974
0.948000000000001 0.223217119204616
0.949000000000001 0.220116829404634
0.950000000000001 0.217016976541075
0.951000000000001 0.213985675219387
0.952000000000001 0.21095462427473
0.953000000000001 0.207924013911719
0.954000000000001 0.204893844137205
0.955000000000001 0.201863649797093
0.956000000000001 0.198833910049014
0.957000000000001 0.195804624895434
0.958000000000001 0.192775625411172
0.959000000000001 0.189746836439959
0.960000000000001 0.18671851536028
0.961000000000001 0.183808711302209
0.962000000000001 0.180899047819466
0.963000000000001 0.177989767846576
0.964000000000001 0.175080949868595
0.965000000000001 0.172172520364013
0.966000000000001 0.169264266240047
0.967000000000001 0.166356486525897
0.968000000000001 0.163449181212115
0.969000000000001 0.160542150061309
0.970000000000001 0.15763546948474
0.971000000000001 0.154890684489084
0.972000000000001 0.152146358819351
0.973000000000001 0.149402198796309
0.974000000000001 0.146658508871022
0.975000000000001 0.143915289027596
0.976000000000001 0.141172421888189
0.977000000000001 0.138429856742625
0.978000000000001 0.135687773037926
0.979000000000001 0.132946170754616
0.980000000000001 0.130204845091793
0.981000000000001 0.127662443333323
0.982000000000001 0.125120497953594
0.983000000000001 0.122578963505465
0.984000000000001 0.120037709343835
0.985000000000001 0.117496920918389
0.986000000000001 0.114956598204971
0.987000000000001 0.112416612428651
0.988000000000001 0.109877014242128
0.989000000000001 0.107337891392434
0.990000000000001 0.104799243852366
0.991000000000001 0.102508757134564
0.992000000000001 0.100218707609688
0.993000000000001 0.0979290952505361
0.994000000000001 0.0956398513375071
0.995000000000001 0.0933509472528448
0.996000000000001 0.0910624884725869
0.997000000000001 0.0887744749669509
0.998000000000001 0.0864867667686608
0.999000000000001 0.0841994771296505
1.0 0.0819126419271991
1.001 0.0798036774429272
1.002 0.0776994893043291
1.003 0.075600235172341
1.004 0.0735059105962675
1.005 0.0714164389849397
1.006 0.0693318455500083
1.007 0.067252175316796
1.008 0.0651774238098218
1.009 0.0631074803207341
1.01 0.0610424535593338
1.011 0.0592816797414165
1.012 0.0575250445116263
1.013 0.0557725298281602
1.014 0.0540241877288629
1.015 0.052280014372655
1.016 0.0505399401112805
1.017 0.0488040155444713
1.018 0.0470722538293472
1.019 0.045344636867727
1.02 0.0436211213335259
1.021 0.0422034744557819
1.022 0.0407892341756771
1.023 0.0393783615196663
1.024 0.0379708686540203
1.025 0.0365667771054648
1.026 0.035166083681773
1.027 0.0337687359780069
1.028 0.0323747840772148
1.029 0.0309842247728398
1.03 0.0295970369265855
1.031 0.0285290753049549
1.032 0.027463712031748
1.033 0.0264009446409574
1.034 0.025340743403974
1.035 0.0242831288615621
1.036 0.0232281056385066
1.037 0.0221756645429511
1.038 0.0211257848584156
1.039 0.0200784922364515
1.04 0.0190337841900387
