0.36 0.00168989803315037
0.361 0.00299082238190745
0.362 0.00498756709454081
0.363 0.0078688467205861
0.364 0.0117434461447183
0.365 0.0168609515644235
0.366 0.0233566145711206
0.367 0.0307644478404067
0.368 0.0401713920559873
0.369 0.0500972697308182
0.37 0.0617261535596864
0.371 0.0736722879214176
0.372 0.0869556766983548
0.373 0.10164489999082
0.374 0.115226306225484
0.375 0.130221658896779
0.376 0.146247476449129
0.377 0.161042802263671
0.378 0.1773137846993
0.379 0.193195002965804
0.38 0.209130192844833
0.381 0.223538341413541
0.382 0.237771560680949
0.383 0.25180794924501
0.384 0.265634663153769
0.385 0.279758402908966
0.386 0.291507419542213
0.387 0.305103104910318
0.388 0.317330308666514
0.389 0.330341400883804
0.39 0.341906938062793
0.391 0.3518113264018
0.392 0.361831256872124
0.393 0.371387739168239
0.394 0.381626393605916
0.395 0.388486655702307
0.396 0.397172828022368
0.397 0.404761514293039
0.398 0.414210172840527
0.399 0.421361630939185
0.4 0.428578020735831
0.401 0.433796838583929
0.402 0.437824584661552
0.403 0.44369943844373
0.404 0.448988828855968
0.405 0.453687779684142
0.406 0.459024130176712
0.407 0.462527602467638
0.408 0.466663344160279
0.409 0.471438574090136
0.41 0.473105072991259
0.411 0.475962678032846
0.412 0.476943743566683
0.413 0.482315483457701
0.414 0.48330037027993
0.415 0.484917158271847
0.416 0.486535171075891
0.417 0.488154403100465
0.418 0.490406553958066
0.419 0.492034139208133
0.42 0.492402016792417
0.421 0.493591495167249
0.422 0.494786074078627
0.423 0.494090796147156
0.424 0.494655638651583
0.425 0.493961623172005
0.426 0.49453431697234
0.427 0.495106557831054
0.428 0.495678344540233
0.429 0.493736615656691
0.43 0.494317773633966
0.431 0.492673129493954
0.432 0.491659265425104
0.433 0.490657442318258
0.434 0.492167722548701
0.435 0.489911501272852
0.436 0.487663005162565
0.437 0.486677260725245
0.438 0.485066631494179
0.439 0.48345793303782
0.44 0.483736121215258
0.441 0.481916802933806
0.442 0.478230227151461
0.443 0.477667805699398
0.444 0.475872049383835
0.445 0.47345812942366
0.446 0.469186963523675
0.447 0.467412254893295
0.448 0.464407518080717
0.449 0.461408654720135
0.45 0.457797849592661
0.451 0.454765050081228
0.452 0.452354936118967
0.453 0.448718640644803
0.454 0.444480786558616
0.455 0.442102226806118
0.456 0.437888527130756
0.457 0.433683999250971
0.458 0.430110782618177
0.459 0.425936544738878
0.46 0.421160840342398
0.461 0.416431386641296
0.462 0.412330189658094
0.463 0.405803399321871
0.464 0.399897592505605
0.465 0.393403766953257
0.466 0.386927624869778
0.467 0.379858479731386
0.468 0.371593028442754
0.469 0.36275061331314
0.47 0.354529524310153
0.471 0.34459491855295
0.472 0.335885662804646
0.473 0.325990337738481
0.474 0.317313899097394
0.475 0.307446974903231
0.476 0.298202988401552
0.477 0.288974016556665
0.478 0.279157889719593
0.479 0.269357401483459
0.48 0.260176436208547
0.481 0.249850312555069
0.482 0.240134048157087
0.483 0.230432145989762
0.484 0.220742827552907
0.485 0.210465405542132
0.486 0.201991224047303
0.487 0.192933771386374
0.488 0.183885000340494
0.489 0.174844909190614
0.49 0.167008251554174
0.491 0.159158383090241
0.492 0.15191360513667
0.493 0.144677458104149
0.494 0.138047936282835
0.495 0.132021438713443
0.496 0.126001808037993
0.497 0.12058367204807
0.498 0.115767722381773
0.499 0.110957017159326
0.5 0.105558530583492
0.501 0.100746358987621
0.502 0.0953492124005633
0.503 0.0899591675933804
0.504 0.0839847823260174
0.505 0.0786112414865983
0.506 0.0732445419783978
0.507 0.0678846841511012
0.508 0.0631221832277641
0.509 0.0584254540727556
0.51 0.054323704912972
0.511 0.0503750611491654
0.512 0.0470166019536337
0.513 0.0437172757353411
0.514 0.0405357730511225
0.515 0.0375900956150669
0.516 0.0346449862182074
0.517 0.0318175795578465
0.518 0.0292257297685073
0.519 0.0267519419025426
0.52 0.0242781778280144
0.521 0.0220947045949896
0.522 0.0200296742832265
0.523 0.0181423029450352
0.524 0.0164320825212961
0.525 0.0147811699013329
0.526 0.0133074101358148
0.527 0.0120696308556775
0.528 0.0108909773529868
0.529 0.00994802361615819
0.53 0.00906425562789782
0.531 0.00836341572365025
0.532 0.00772058892037661
0.533 0.0071948899557066
0.534 0.00678661669437054
0.535 0.00637779075922557
0.536 0.00608659832501438
0.537 0.0058364628060044
0.538 0.00565702895765458
0.539 0.00548326594359834
0.54 0.00539814303834742
0.541 0.00533369174959177
0.542 0.00533442108829875
0.543 0.00534700629285591
0.544 0.00542484391044215
0.545 0.00556205045117335
0.546 0.00573488191969033
0.547 0.00599080644796911
0.548 0.00628840669413815
0.549 0.00658612241115589
0.55 0.00700262509966549
0.551 0.0074815176279171
0.552 0.00796102263047148
0.553 0.00850050889551096
0.554 0.00898112191054628
0.555 0.00946234444346041
0.556 0.00988461657214575
0.557 0.0102477901183714
0.558 0.0104921478991662
0.559 0.010677260873987
0.56 0.0107432167426026
0.561 0.0106874189171365
0.562 0.0105718975976404
0.563 0.0103966084441683
0.564 0.0100418665982266
0.565 0.00962706128124963
0.566 0.00915220188957871
0.567 0.00867699484516805
0.568 0.00808169112384139
0.569 0.00742605450082834
0.57 0.00682987362294405
0.571 0.00617550970015645
0.572 0.00552015204362751
0.573 0.00488184083330038
0.574 0.00427862633107133
0.575 0.0037165843779767
0.576 0.00320784774832882
0.577 0.0027164244046263
0.578 0.0022965740819906
0.579 0.0019303662803621
0.58 0.00159378287927376
0.581 0.00131069893040243
0.582 0.00108171826805638
0.583 0.000882738060320077
0.584 0.0007259063187161
0.585 0.00059433557307402
0.586 0.000496540795652483
0.587 0.000415610548822408
0.588 0.000351571814509412
0.589 0.00030444813819479
0.59 0.000268197892790265
0.591 0.000242917480727673
0.592 0.000221849366300956
0.593 0.000209261890117466
0.594 0.000197870593962396
0.595 0.000193163740737491
0.596 0.000188448677570056
0.597 0.000186166933510405
0.598 0.000186325081488185
0.599 0.000185872419580191
0.6 0.000184806831287941
0.601 0.000183077941260677
0.602 0.000183185568773673
0.603 0.00018206734795271
0.604 0.000180334331978188
0.605 0.000176758092486554
0.606 0.000172563989069088
0.607 0.000167750356282247
0.608 0.000164775436231635
0.609 0.000160566850308152
0.61 0.000156353400216351
0.611 0.000151560876855241
0.612 0.000144909903178483
0.613 0.000138864771283692
0.614 0.000132808905934703
0.615 0.000128597066362316
0.616 0.00012190266796017
0.617 0.000116435279879605
0.618 0.000110958184919933
0.619 0.000104850957631443
0.62 9.68702153708807e-05
0.621 9.13529795590347e-05
0.622 8.58270225121193e-05
0.623 7.84251031963217e-05
0.624 7.28803557619565e-05
0.625 6.73268520235483e-05
0.626 6.17021985218939e-05
0.627 5.66306685152016e-05
0.628 5.19260882426542e-05
0.629 4.70264795657459e-05
0.63 4.27449918644676e-05
0.631 3.80162812693349e-05
0.632 3.44088037961292e-05
0.633 3.16741362997639e-05
0.634 2.80567347151105e-05
0.635 2.47481148299232e-05
0.636 2.27546758172241e-05
0.637 2.03179865848885e-05
0.638 1.88849350467085e-05
0.639 1.70088134774464e-05
0.64 1.53190708724988e-05
0.641 1.4256328972496e-05
0.642 1.31291212685927e-05
0.643 1.16846853726529e-05
0.644 1.1628829454773e-05
0.645 1.05610570668444e-05
0.646 9.80833367204205e-06
0.647 9.75117126575979e-06
0.648 8.87026395404281e-06
0.649 8.68562769676993e-06
0.65 8.24700094596541e-06
0.651 8.31618826031781e-06
0.652 8.13135807291237e-06
0.653 7.88269307308975e-06
0.654 8.01536286315381e-06
0.655 7.76626277427707e-06
0.656 8.09012278882836e-06
0.657 7.90445671348273e-06
0.658 7.71852926868223e-06
0.659 8.04300549746716e-06
0.66 7.665265023991e-06
0.661 8.43732381509793e-06
0.662 8.37889704838584e-06
0.663 8.70439843033205e-06
0.664 9.73480800068416e-06
0.665 9.74117297990897e-06
0.666 1.00040544592615e-05
0.667 1.08447893040517e-05
0.668 1.14939770960383e-05
0.669 1.17584800118447e-05
0.67 1.26019734187736e-05
0.671 1.3317578548977e-05
0.672 1.44203332391598e-05
0.673 1.46870443095278e-05
0.674 1.57919993330613e-05
0.675 1.60598541120007e-05
0.676 1.70379490619785e-05
0.677 1.80818262289134e-05
0.678 1.86100171421603e-05
0.679 2.04320206135152e-05
0.68 2.07682136304641e-05
0.681 2.14275499618634e-05
0.682 2.18285222356108e-05
0.683 2.26836180532533e-05
0.684 2.34099920235623e-05
0.685 2.36829367393222e-05
0.686 2.35666514122372e-05
0.687 2.44895667192861e-05
0.688 2.40485786392928e-05
0.689 2.34119355126222e-05
0.69 2.34252581374332e-05
0.691 2.30464544352573e-05
0.692 2.1755310885603e-05
0.693 2.2287564397655e-05
0.694 2.05383091041825e-05
0.695 1.91134491035224e-05
0.696 1.89924345757404e-05
0.697 1.67817377178965e-05
0.698 1.63981038709278e-05
0.699 1.57525682907433e-05
0.7 1.44523968298828e-05
0.701 1.3476837029489e-05
0.702 1.27622861690445e-05
0.703 1.18506732744931e-05
0.704 1.12003373350906e-05
0.705 9.1079428332576e-06
0.706 9.3081574838255e-06
0.707 7.73795779808298e-06
0.708 7.41296117490939e-06
0.709 6.9564559756271e-06
0.71 6.30261880576945e-06
0.711 5.05673917992171e-06
0.712 5.32101932203151e-06
0.713 4.59978472947456e-06
0.714 4.07529968214106e-06
0.715 4.27375459073823e-06
0.716 3.35424461208252e-06
0.717 3.09207317836708e-06
0.718 2.50070343061393e-06
0.719 2.69891437870223e-06
0.72 2.30462315599815e-06
0.721 1.8440907760567e-06
0.722 1.77860859092798e-06
0.723 2.04254034041603e-06
0.724 1.51575297302709e-06
0.725 1.51606933377438e-06
0.726 7.91157735029768e-07
0.727 9.23209881467212e-07
0.728 1.25318511836718e-06
0.729 1.05552972937787e-06
0.73 5.27872825200465e-07
0.731 7.2588732196142e-07
0.732 5.93956797197567e-07
0.733 7.26007012910293e-07
0.734 5.28048560704588e-07
0.735 1.98034023762996e-07
0.736 4.62115521934862e-07
0.737 2.64086639203667e-07
0.738 5.28214490050906e-07
0.739 5.28253606763697e-07
0.74 3.30182926537622e-07
0.741 1.32065894569279e-07
0.742 2.64116777564156e-07
0.743 6.60252738658239e-07
0.744 1.32042688730858e-07
0.745 3.96104435338334e-07
0.746 6.60132468841355e-08
0.747 4.62063183082947e-07
0.748 2.64019186425191e-07
0.749 1.32001010643653e-07
0.751 1.09882478317419e-19
0.752 3.29842219096022e-07
0.753 6.5954486517887e-08
0.754 3.95642446880055e-07
0.755 1.97778949704447e-07
0.756 1.31824425564753e-07
0.757 3.95386991981857e-07
0.758 2.19435932431678e-20
0.759 6.58690334977476e-08
0.76 2.63418028060698e-07
0.761 2.63310741123533e-07
0.762 2.63203385563664e-07
0.763 3.28869951727242e-07
0.764 1.97240717490437e-07
0.765 1.3143950325402e-07
0.766 6.56925805977998e-08
0.767 1.31330675420533e-07
0.768 2.62551432293346e-07
0.77 1.16498542994786e-19
0.771 2.62172078285232e-07
0.772 3.93018388848185e-07
0.773 1.30926178199532e-07
0.774 6.54230924468175e-08
0.775 2.61531202667557e-07
0.776 6.53424883886755e-08
0.777 1.30604311224414e-07
0.778 2.61046794928983e-07
0.779 2.89639717729799e-20
0.78 6.51804136766603e-08
0.781 6.51247097723712e-07
0.782 4.55481331514889e-07
0.783 3.25063668347933e-07
0.784 1.94870041570768e-07
0.785 2.59602202578261e-07
0.786 3.24220948351788e-07
0.787 6.47878040691191e-08
0.788 1.29462787681954e-07
0.789 1.29349600779994e-07
0.79 1.29236154057786e-07
0.791 4.51808839569204e-07
0.792 6.44701327236358e-07
0.793 3.21979297088764e-07
0.794 3.21607783343672e-07
0.795 4.49730571338185e-07
0.796 6.41727593102604e-08
0.797 8.33275428509705e-07
0.798 1.28046863420444e-07
0.799 9.59230871762834e-07
0.8 1.91621131677854e-07
0.801 2.54807681511218e-07
0.802 1.9059111597162e-07
0.803 3.80154054747844e-07
0.804 1.26375328192118e-07
0.805 5.60147219700498e-08
0.806 2.23451389854562e-07
0.807 1.67133178820782e-07
0.808 2.46733311214741e-20
0.809 5.54079622930607e-08
0.81 1.65770217410169e-07
0.811 3.30523309833003e-07
0.812 1.09835909408685e-07
0.813000000000001 2.18995792906075e-07
0.814000000000001 2.7290056507028e-07
0.815000000000001 1.08822814113906e-07
0.816000000000001 3.01048424052482e-07
0.817000000000001 1.37890662476767e-07
0.818000000000001 4.17776737276102e-08
0.819000000000001 7.52343206671694e-08
0.820000000000001 6.69639802974057e-08
0.821000000000001 8.80781395270886e-08
0.822000000000001 5.05308267103698e-08
0.823000000000001 6.36003690429211e-08
0.824000000000001 7.6220980388313e-21
0.825000000000001 1.31552611818102e-08
0.826000000000001 1.31079347117504e-08
0.827000000000001 2.90005487508742e-20
0.828000000000001 6.50675758640972e-08
0.829000000000001 6.48318699459617e-08
0.830000000000001 1.29193108657644e-08
0.831000000000001 5.71447319068049e-21
0.832000000000001 1.28164576305608e-08
0.833000000000001 2.5530251261421e-08
0.834000000000001 1.27138817983966e-08
0.835000000000001 2.53254521742127e-08
0.836000000000001 2.52232409662571e-08
0.837000000000001 6.28029688589315e-09
0.838000000000001 6.2548277184231e-09
0.839000000000001 1.86881949236073e-08
