1.14799999999998 0.00139306250159338
1.14899999999998 0.00166864802605806
1.14999999999998 0.00197167832728804
1.15099999999998 0.00235365965057534
1.15199999999998 0.00280571779006317
1.15299999999998 0.00334973791407838
1.15399999999998 0.00405533180580835
1.15499999999998 0.00499247777648714
1.15599999999998 0.00605360117233137
1.15699999999998 0.00740430246261958
1.15799999999998 0.00892389337975744
1.15899999999998 0.0106348124210806
1.15999999999998 0.012559607907431
1.16099999999998 0.0148170508906678
1.16199999999998 0.017517783664368
1.16299999999998 0.0206109688511008
1.16399999999998 0.0245980522596337
1.16499999999998 0.0293068729440484
1.16599999999998 0.0354305380285792
1.16699999999998 0.0431946598204616
1.16799999999998 0.0535225347648888
1.16899999999998 0.0665609326462994
1.16999999999998 0.0827534583752263
1.17099999999998 0.10194402230427
1.17199999999998 0.123913710824068
1.17299999999998 0.14825158498119
1.17399999999998 0.173975804675646
1.17499999999998 0.200210629526372
1.17599999999998 0.22585762049191
1.17699999999998 0.249772486957065
1.17799999999998 0.271497177383813
1.17899999999998 0.29045520485451
1.17999999999998 0.30659993094362
1.18099999999998 0.320099654850407
1.18199999999998 0.331159417769109
1.18299999999998 0.340075525885532
1.18399999999998 0.347069192130475
1.18499999999998 0.352533934127603
1.18599999999998 0.35677518274961
1.18699999999998 0.359941876567152
1.18799999999998 0.361921351225504
1.18899999999998 0.36277230077645
1.18999999999998 0.362794419989301
1.19099999999998 0.362456735914277
1.19199999999998 0.361903295041824
1.19299999999998 0.361652124417134
1.19399999999998 0.361927766903969
1.19499999999998 0.362923847501084
1.19599999999998 0.364524175760248
1.19699999999998 0.366630459493047
1.19799999999998 0.369166748624862
1.19899999999998 0.37197410251633
1.19999999999998 0.374552955114519
1.20099999999998 0.37668722230719
1.20199999999998 0.378125918296997
1.20299999999998 0.378953945857426
1.20399999999998 0.379159879162558
1.20499999999998 0.378806191559957
1.20599999999998 0.378307095168134
1.20699999999998 0.377587837814037
1.20799999999998 0.376907397953191
1.20899999999998 0.376326268428743
1.20999999999998 0.375877291006404
1.21099999999998 0.375830786105901
1.21199999999998 0.37616966393859
1.21299999999998 0.376797370504394
1.21399999999998 0.377812904498358
1.21499999999998 0.379040073511577
1.21599999999998 0.380568587744177
1.21699999999998 0.382230781766831
1.21799999999998 0.383933197091336
1.21899999999998 0.385643202182296
1.21999999999998 0.387304377314299
1.22099999999998 0.389062432816146
1.22199999999998 0.390573590043863
1.22299999999998 0.392049399760745
1.22399999999998 0.393536980253775
1.22499999999998 0.395012580319733
1.22599999999998 0.396514169261815
1.22699999999998 0.397847411041143
1.22799999999998 0.399106610909094
1.22899999999998 0.400324750682474
1.22999999999998 0.401496986269146
1.23099999999998 0.402218782950937
1.23199999999998 0.402845185755281
1.23299999999998 0.403504761923394
1.23399999999997 0.404273649621341
1.23499999999997 0.40498531833501
1.23599999999997 0.405563625079087
1.23699999999997 0.405961108839058
1.23799999999997 0.406287192384577
1.23899999999997 0.406413416478809
1.23999999999997 0.406311322955737
1.24099999999997 0.406199738087998
1.24199999999997 0.406178497414395
1.24299999999997 0.406104874720858
1.24399999999997 0.40594094096484
1.24499999999997 0.405620171740037
1.24599999999997 0.405090268126613
1.24699999999997 0.404603133362403
1.24799999999997 0.404211111070341
1.24899999999997 0.403728860711362
1.24999999999997 0.403336904733896
1.25099999999997 0.403158788127625
1.25199999999997 0.40321347742982
1.25299999999997 0.403168370964933
1.25399999999997 0.403089911381444
1.25499999999997 0.403058955260489
1.25599999999997 0.403360444640826
1.25699999999997 0.403799547595455
1.25799999999997 0.4042670344936
1.25899999999997 0.40478192612948
1.25999999999997 0.405481896385334
1.26099999999997 0.406124750886772
1.26199999999997 0.407042828985708
1.26299999999997 0.407756654809042
1.26399999999997 0.408498789926943
1.26499999999997 0.408861051309428
1.26599999999997 0.409275453101112
1.26699999999997 0.409314916514398
1.26799999999997 0.409155034797848
1.26899999999997 0.408886038005406
1.26999999999997 0.408555405399368
1.27099999999997 0.407973385256781
1.27199999999997 0.407196903550115
1.27299999999997 0.406339907714527
1.27399999999997 0.405568407683998
1.27499999999997 0.404929780803307
1.27599999999997 0.404234329942276
1.27699999999997 0.403349323328793
1.27799999999997 0.402620907334982
1.27899999999997 0.402271773767507
1.27999999999997 0.402202372773696
1.28099999999997 0.402232525100208
1.28199999999997 0.40232425785334
1.28299999999997 0.402292712291008
1.28399999999997 0.402223255945757
1.28499999999997 0.40210642068822
1.28599999999997 0.402060620050341
1.28699999999997 0.402019546954188
1.28799999999997 0.40187425277531
1.28899999999997 0.401463694639223
1.28999999999997 0.400958430213685
1.29099999999997 0.400273261758539
1.29199999999997 0.399758689576815
1.29299999999997 0.399173122399022
1.29399999999997 0.398455032723862
1.29499999999997 0.397618681879122
1.29599999999997 0.396678301147336
1.29699999999997 0.395922628863528
1.29799999999997 0.395309081718153
1.29899999999997 0.394771359831097
1.29999999999997 0.394153242488293
1.30099999999997 0.393468945083823
1.30199999999997 0.392798948012943
1.30299999999997 0.392020221084349
1.30399999999997 0.39127943193585
1.30499999999997 0.390519823409346
1.30599999999997 0.390020517962216
1.30699999999997 0.389582773071696
1.30799999999997 0.389149791010443
1.30899999999997 0.388622282225364
1.30999999999997 0.388127956924902
1.31099999999997 0.388040358101909
1.31199999999997 0.388023678934244
1.31299999999997 0.388200847736609
1.31399999999997 0.388359073155392
1.31499999999997 0.388389591762154
1.31599999999997 0.388505185448227
1.31699999999997 0.388554584632713
1.31799999999997 0.388348751402969
1.31899999999997 0.387627824976527
1.31999999999997 0.386150943584519
1.32099999999997 0.383426891238149
1.32199999999997 0.379474826939548
1.32299999999997 0.373813192722957
1.32399999999996 0.366437682239748
1.32499999999996 0.357277854067666
1.32599999999996 0.346012963916353
1.32699999999996 0.332634067972957
1.32799999999996 0.316990556513924
1.32899999999996 0.299399318827078
1.32999999999996 0.279865558305442
1.33099999999996 0.258805232953343
1.33199999999996 0.236468916667551
1.33299999999996 0.213480012876426
1.33399999999996 0.190367345344416
1.33499999999996 0.167640677250022
1.33599999999996 0.145644431118039
1.33699999999996 0.124793703373156
1.33799999999996 0.105427958637359
1.33899999999996 0.0880941559697939
1.33999999999996 0.072994672766439
1.34099999999996 0.0600110398351759
1.34199999999996 0.0488597222589018
1.34299999999996 0.0396063131483612
1.34399999999996 0.0320381194664157
1.34499999999996 0.0259613851992431
1.34599999999996 0.021031513633903
1.34699999999996 0.0170501901452479
1.34799999999996 0.0139087452844755
1.34899999999996 0.0114513999565047
1.34999999999996 0.00940928739524236
1.35099999999996 0.00776816665232444
1.35199999999996 0.00640068160374817
1.35299999999996 0.00528791464422316
1.35399999999996 0.00432141554435609
1.35499999999996 0.00362366577487217
1.35599999999996 0.00322758332984666
1.35699999999996 0.00273262464800441
1.35799999999996 0.00240734295083565
1.35899999999996 0.00181360566547644
1.35999999999996 0.00153084268368812
1.36099999999996 0.00130935397610232
1.36199999999996 0.00108319135687378
