0.37 0.00390671857972705
0.371 0.00580569660250307
0.372 0.00779319743994693
0.373 0.0098704758255549
0.374 0.0120385693071402
0.375 0.0142979861964369
0.376 0.0166497127034394
0.377 0.0190950751255496
0.378 0.0216351037033629
0.379 0.0242695215168486
0.38 0.0270003770104831
0.381 0.0296225641739548
0.382 0.0323086621732076
0.383 0.0350586270798439
0.384 0.0378736922074711
0.385 0.0407542786192573
0.386 0.0436994669149204
0.387 0.0467104753535267
0.388 0.0497880311873324
0.389 0.0529322211147706
0.39 0.0561423543617078
0.391 0.0791858290936541
0.392 0.102566340530682
0.393 0.126283311618259
0.394 0.150337670208393
0.395 0.174731629251414
0.396 0.19946641289159
0.397 0.224539234206359
0.398 0.249954414645148
0.399 0.275713158224789
0.4 0.301815507560447
0.401 0.324135905925145
0.402 0.34661112952373
0.403 0.369240935706269
0.404 0.392022988359919
0.405 0.414958335076961
0.406 0.438047221001972
0.407 0.461289242086201
0.408 0.484683633082582
0.409 0.508230737941089
0.41 0.531930306934616
0.411 0.532326679378841
0.412 0.53272297244636
0.413 0.533118544784194
0.414 0.533513395763559
0.415 0.533911378926257
0.416 0.53430865040634
0.417 0.534705209581695
0.418 0.535103428580688
0.419 0.535504504900017
0.42 0.535904883832976
0.421 0.535827293604293
0.422 0.5357556216138
0.423 0.535685174394238
0.424 0.535614385801077
0.425 0.535545127163526
0.426 0.535483018377693
0.427 0.535420577807119
0.428 0.535357805411942
0.429 0.535301177689015
0.43 0.535248544699199
0.431 0.534830344916809
0.432 0.534412245027287
0.433 0.534006179219614
0.434 0.533600209395913
0.435 0.533194335572247
0.436 0.532793771707172
0.437 0.532401121771504
0.438 0.532008563574261
0.439 0.53161609713085
0.44 0.531234758440529
0.441 0.530607878877895
0.442 0.529981346908399
0.443 0.529358063682515
0.444 0.528746721537594
0.445 0.528135708674687
0.446 0.527525025125826
0.447 0.52692362952162
0.448 0.52632852049148
0.449 0.525733721866106
0.45 0.525139233675792
0.451 0.524491577434253
0.452 0.523844272072374
0.453 0.523197317624257
0.454 0.522556941320642
0.455 0.521926239979446
0.456 0.521295865631853
0.457 0.520665818309783
0.458 0.520048599182718
0.459 0.519434810657169
0.46 0.518821325059477
0.461 0.518252823784923
0.462 0.517696693071463
0.463 0.51714076375351
0.464 0.516585035911497
0.465 0.516038891836835
0.466 0.515499186738734
0.467 0.51495966151783
0.468 0.514420316248114
0.469 0.513896702193617
0.47 0.513373246445709
0.471 0.512969668598965
0.472 0.512572375913735
0.473 0.512184449311849
0.474 0.511796611447412
0.475 0.511408862363498
0.476 0.511033347059114
0.477 0.510660944019057
0.478 0.510288615616464
0.479 0.509919356928601
0.48 0.509562144648079
0.481 0.509287207846068
0.482 0.509012321529988
0.483 0.508746296341037
0.484 0.508486188130005
0.485 0.508226121337538
0.486 0.507966095976949
0.487 0.507720451016779
0.488 0.507474838602016
0.489 0.507229258744107
0.49 0.506989335075176
0.491 0.506683991111258
0.492 0.506378683788904
0.493 0.506073413121514
0.494 0.505779076898323
0.495 0.505487490569494
0.496 0.50519592845422
0.497 0.504907001186502
0.498 0.504628533459016
0.499 0.504350077996942
0.5 0.504071634808817
0.501 0.503731794938109
0.502 0.503396462984347
0.503 0.503061134568253
0.504 0.502725809697999
0.505 0.502402671154959
0.506 0.502079521626122
0.507 0.501756361116843
0.508 0.501437904145798
0.509 0.501126498101342
0.51 0.500815066985108
0.511 0.500804701482938
0.512 0.500803404268036
0.513 0.500804371631274
0.514 0.500805335660678
0.515 0.500808483899803
0.516 0.500820379004709
0.517 0.500832270817963
0.518 0.500844159339348
0.519 0.500862348395632
0.52 0.500884736743025
0.521 0.500813304153109
0.522 0.500741857080672
0.523 0.50068043841819
0.524 0.500619001544873
0.525 0.500557546459491
0.526 0.500499938736409
0.527 0.500448108650054
0.528 0.500396256758862
0.529 0.500344383061221
0.53 0.500299823617746
0.531 0.500626997542453
0.532 0.500954242925207
0.533 0.501283316586122
0.534 0.501619494801308
0.535 0.501955754198314
0.536 0.502292094782745
0.537 0.502633574985185
0.538 0.502978516109459
0.539 0.50332354773851
0.54 0.503668669878739
0.541 0.503737554128112
0.542 0.503806436117104
0.543 0.503875315845622
0.544 0.503947248511017
0.545 0.504023761566878
0.546 0.504100272154781
0.547 0.504176780274622
0.548 0.504259027360129
0.549 0.504342707160579
0.55 0.50442638429793
0.551 0.504705554264242
0.552 0.504990241485124
0.553 0.505275004278617
0.554 0.505559842646639
0.555 0.50584860232335
0.556 0.50614000520023
0.557 0.506431488407887
0.558 0.506723051948365
0.559 0.507020767759157
0.56 0.507318568400678
0.561 0.507503132936653
0.562 0.5076899976268
0.563 0.50788029755995
0.564 0.508070631457896
0.565 0.508260999320638
0.566 0.508455660532157
0.567 0.508651421958135
0.568 0.508847218908541
0.569 0.509044058524532
0.57 0.50924496311426
0.571 0.509629441275059
0.572 0.510014047509076
0.573 0.5104015631372
0.574 0.510791064804879
0.575 0.511180699236293
0.576 0.511570466431442
0.577 0.511964688233356
0.578 0.512359047163276
0.579 0.512753543221202
0.58 0.513149790675285
0.581 0.513407415134613
0.582 0.513665099356401
0.583 0.513922843337051
0.584 0.514183642423925
0.585 0.5144452516425
0.586 0.514706922322714
0.587 0.514969338919911
0.588 0.515234555746568
0.589 0.515499835588801
0.59 0.515765178442828
0.591 0.516199646546314
0.592 0.516635510563876
0.593 0.517071530813513
0.594 0.51750770728627
0.595 0.517946938886019
0.596 0.51838632988527
0.597 0.518825880274898
0.598 0.519266620540844
0.599 0.51970906790514
0.6 0.52015167746606
0.601 0.520455685858112
0.602 0.52076165035994
0.603 0.521068167541428
0.604 0.521374769324696
0.605 0.521681870186013
0.606 0.521990714265928
0.607 0.522299644102237
0.608 0.522608659689891
0.609 0.52291886115682
0.61 0.523229882613778
0.611 0.523685956613644
0.612 0.524142202986008
0.613 0.524600247071731
0.614 0.525058465323248
0.615 0.525516857730625
0.616 0.525975978508355
0.617 0.526436105838645
0.618 0.526896408837676
0.619 0.527356887495432
0.62 0.527818481187498
0.621 0.52823151445701
0.622 0.528644703879006
0.623 0.52905823584821
0.624 0.529472670065505
0.625 0.529887261296454
0.626 0.530302009541059
0.627 0.530717400638614
0.628 0.531133273240157
0.629 0.531549303602192
0.63 0.53196549172472
0.631 0.532353197346546
0.632 0.53274104238088
0.633 0.533129026827723
0.634 0.533517326797418
0.635 0.533906030594799
0.636 0.534294874161351
0.637 0.534683857497074
0.638 0.535073159656752
0.639 0.535462646512214
0.64 0.535852273317866
0.641 0.536189364009815
0.642 0.536526590303079
0.643 0.536863922527294
0.644 0.537201360682458
0.645 0.537538832743588
0.646 0.537876362660371
0.647 0.538213998434804
0.648 0.538551740066887
0.649 0.538889309653615
0.65 0.539226984928507
0.651 0.539600001623677
0.652 0.539972997029341
0.653 0.540345896139214
0.654 0.540718923307999
0.655 0.541092078535693
0.656 0.541464911063318
0.657 0.541837758585512
0.658 0.542210733750399
0.659 0.542583704194219
0.66 0.542956272532684
0.661 0.543312518396458
0.662 0.543668892452512
0.663 0.544024901895739
0.664 0.544380710564575
0.665 0.544736646902801
0.666 0.545092710921292
0.667 0.545447982748156
0.668 0.545803381655447
0.669 0.546158907653982
0.67 0.546514153365174
0.671 0.546857090175376
0.672 0.547200145235972
0.673 0.547543318556947
0.674 0.547885691147021
0.675 0.548227951614474
0.676 0.548570329647027
0.677 0.548912581949155
0.678 0.549253978154025
0.679 0.549595491186324
0.68 0.549937121055899
0.681 0.55025430415661
0.682 0.550571035616292
0.683 0.550887867007576
0.684 0.551204798338723
0.685 0.551520444614354
0.686 0.551836190093704
0.687 0.552152034784968
0.688 0.552467347118893
0.689 0.55278181071469
0.69 0.553096372689398
0.691 0.553375318360706
0.692 0.553653121340193
0.693 0.553930694093773
0.694 0.554208340906519
0.695 0.554485724846214
0.696 0.554761834686588
0.697 0.555038017907087
0.698 0.555314274513496
0.699 0.555588508179751
0.7 0.555861416533968
0.701 0.556083081313877
0.702 0.556304781727593
0.703 0.55652333057013
0.704 0.556741914317402
0.705 0.556960532968986
0.706 0.557178440933248
0.707 0.557395265116154
0.708 0.557612123776382
0.709 0.557829016913511
0.71 0.55804437342754
0.711 0.558211467913426
0.712 0.558378570830492
0.713 0.558545288579075
0.714 0.558710440293524
0.715 0.558875600327347
0.716 0.559040768680434
0.717 0.559204723747274
0.718 0.559367872637312
0.719 0.559531029730978
0.72 0.559694195028159
0.721 0.559813271302933
0.722 0.559932334181001
0.723 0.560051383662508
0.724 0.560169576988273
0.725 0.560286492916708
0.726 0.560403395646054
0.727 0.560520285176455
0.728 0.560635447690609
0.729 0.560750168732086
0.73 0.560864876775424
0.731 0.560912930606586
0.732 0.560959197353216
0.733 0.561005419067096
0.734 0.561051595748741
0.735 0.561096400661573
0.736 0.56114027663527
0.737 0.561184108307605
0.738 0.561227895679087
0.739 0.561269457186498
0.74 0.56131097511407
0.741 0.56128005191925
0.742 0.561248152323551
0.743 0.561214827859653
0.744 0.561181427105772
0.745 0.561147950062796
0.746 0.56111259851403
0.747 0.561076722315086
0.748 0.561040771153624
0.749 0.561004295235714
0.75 0.560965945973297
0.751 0.560848913525523
0.752 0.560731772463386
0.753 0.560613135401105
0.754 0.560493466413504
0.755 0.560373690829329
0.756 0.560253808649825
0.757 0.560131571974484
0.758 0.560009230667567
0.759 0.559886784730295
0.76 0.559763309628984
0.761 0.559535324887508
0.762 0.559307194322739
0.763 0.559078917936385
0.764 0.558848699556301
0.765 0.558617888829678
0.766 0.558386935081112
0.767 0.558155370537078
0.768 0.557921793623547
0.769 0.557688076609575
0.77 0.557454219496807
0.771 0.557115666355994
0.772 0.556776050868427
0.773 0.556436257348134
0.774 0.556096285797208
0.775 0.555753805668743
0.776 0.555411151303495
0.777 0.555068322703512
0.778 0.554724439224335
0.779 0.554379063056838
0.78 0.554033516249398
0.781 0.553560033065229
0.782 0.553084473982435
0.783 0.552608236191585
0.784 0.552131784450427
0.785 0.551654680478743
0.786 0.551175612198236
0.787 0.550696334587267
0.788 0.550216847648304
0.789 0.549735803314972
0.79 0.549253654744982
0.791 0.548625019476785
0.792 0.547996128151026
0.793 0.547364805050899
0.794 0.546733231684145
0.795 0.546101408053718
0.796 0.545468454134307
0.797 0.544833934025781
0.798 0.544199169535316
0.799 0.543564160665799
0.8 0.542926539753839
0.801 0.541466323211399
0.802 0.540008161919351
0.803 0.538551577559605
0.804 0.537095144816622
0.805 0.476125136744776
0.806 0.446902779709162
0.807 0.417832947052127
0.808 0.388915816956296
0.809 0.360151754904562
0.81 0.331540434820178
0.811 0.30297970068033
0.812 0.274589773521578
0.813000000000001 0.246370267019295
0.814000000000001 0.21832045205627
0.815000000000001 0.190439924699153
0.816000000000001 0.150524212026263
0.817000000000001 0.114908885397329
0.818000000000001 0.083555347455174
0.819000000000001 0.0564257405003687
0.820000000000001 0.0334819901486947
0.821000000000001 0.0280382077494601
0.822000000000001 0.0229915261532126
0.823000000000001 0.0183381064073833
0.824000000000001 0.0140740199338591
0.825000000000001 0.0101953274159027
0.826000000000001 0.00956879233958176
0.827000000000001 0.00894656994753617
0.828000000000001 0.00832864971060418
0.829000000000001 0.00771499252357192
0.830000000000001 0.00710562097617331
0.831000000000001 0.006498264081372
0.832000000000001 0.00589557051005509
0.833000000000001 0.00529752713674578
0.834000000000001 0.00470413626540024
0.835000000000001 0.00205769298915466
0.836000000000001 0.00176562686763846
0.837000000000001 0.00147586976818477
0.838000000000001 0.00118841726649921
0.839000000000001 0.000903262754640629
