1.10099999999999 0.20441318823568
1.10199999999999 0.208627041317704
1.10299999999999 0.212852082464456
1.10399999999999 0.217088427035751
1.10499999999999 0.221336073915871
1.10599999999999 0.225594870994436
1.10699999999999 0.229864923959339
1.10799999999999 0.234146268700444
1.10899999999999 0.238438858797896
1.10999999999999 0.242742552369268
1.11099999999999 0.247057526069707
1.11199999999999 0.251383778721128
1.11299999999999 0.255721189309817
1.11399999999999 0.260069791157005
1.11499999999999 0.264429661589903
1.11599999999999 0.268800799403116
1.11699999999999 0.273182974950133
1.11799999999999 0.277576408101875
1.11899999999999 0.281981097623768
1.11999999999999 0.286396946415261
1.12099999999999 0.290823899173219
1.12199999999999 0.295262097118134
1.12299999999999 0.299711538986078
1.12399999999999 0.304172047393133
1.12499999999999 0.30864374732431
1.12599999999999 0.313126680873084
1.12699999999999 0.31762079717107
1.12799999999999 0.322125941960458
1.12899999999999 0.326642309427887
1.12999999999999 0.331169898256882
1.13099999999999 0.335708561399171
1.13199999999999 0.340258340833025
1.13299999999999 0.344819331053965
1.13399999999999 0.349391530720216
1.13499999999999 0.353974662302649
1.13599999999999 0.358568993454745
1.13699999999999 0.363174522807512
1.13799999999999 0.367791150730502
1.13899999999999 0.372418822382408
1.13999999999999 0.377057681907017
1.14099999999999 0.381707726663295
1.14199999999999 0.386368750296791
1.14299999999998 0.391040900420773
1.14399999999998 0.395724226540602
1.14499999999998 0.400418673831553
1.14599999999998 0.405124076871562
1.14699999999998 0.409840645343863
1.14799999999998 0.414568377809386
1.14899999999998 0.419307118990217
1.14999999999998 0.42405691406193
1.15099999999998 0.424624045229318
1.15199999999998 0.425191127144366
1.15299999999998 0.425757875619696
1.15399999999998 0.426324574059103
1.15499999999998 0.426891222461434
1.15599999999998 0.427457716442896
1.15699999999998 0.428024003310843
1.15799999999998 0.428590239423719
1.15899999999998 0.429156424780369
1.15999999999998 0.429722388114942
1.16099999999998 0.430288255920306
1.16199999999998 0.430854072379171
1.16299999999998 0.431419775018235
1.16399999999998 0.431985175911601
1.16499999999998 0.432550524607827
1.16599999999998 0.433115821105753
1.16699999999998 0.433680950629788
1.16799999999998 0.434245951024105
1.16899999999998 0.434810898700636
1.16999999999998 0.435375793658223
1.17099999999998 0.435940394049736
1.17199999999998 0.436504941071094
1.17299999999998 0.437069434721137
1.17399999999998 0.437633768081417
1.17499999999998 0.438197887192116
1.17599999999998 0.438761952213722
1.17699999999998 0.439325963145073
1.17799999999998 0.439889784342647
1.17899999999998 0.440453517131427
1.17999999999998 0.441017195375772
1.18099999999998 0.441580763725033
1.18199999999998 0.442144061391225
1.18299999999998 0.442707303791936
1.18399999999998 0.443270490926003
1.18499999999998 0.443833520197976
1.18599999999998 0.444396425444521
1.18699999999998 0.444959274970602
1.18799999999998 0.445522068775058
1.18899999999998 0.446084584612404
1.18999999999998 0.446647044143542
1.19099999999998 0.447209447367308
1.19199999999998 0.447771715254818
1.19299999999998 0.448333807930133
1.19399999999998 0.448895843778999
1.19499999999998 0.449457822800253
1.19599999999998 0.450019606375795
1.19699999999998 0.450581298062314
1.19799999999998 0.451142932467896
1.19899999999998 0.451704469675147
1.19999999999998 0.452265789624536
1.20099999999998 0.452816864101474
1.20199999999998 0.453367855130623
1.20299999999998 0.453918642396241
1.20399999999998 0.454469265599737
1.20499999999998 0.455019804852349
1.20599999999998 0.455570260155359
1.20699999999998 0.456120455988674
1.20799999999998 0.456670567433604
1.20899999999998 0.457220594491465
1.20999999999998 0.457770466578378
1.21099999999998 0.458320148093663
1.21199999999998 0.458869744783858
1.21299999999998 0.459419256650312
1.21399999999998 0.459968562802754
1.21499999999998 0.460517753572352
1.21599999999998 0.461066859145729
1.21699999999998 0.461615843946329
1.21799999999998 0.462164600976794
1.21899999999998 0.462713272373628
1.21999999999998 0.463261858138237
1.22099999999998 0.463810274622246
1.22199999999998 0.464358544267045
1.22299999999998 0.464906727926659
1.22399999999998 0.465454825602521
1.22499999999998 0.466002683933877
1.22599999999998 0.46655045590754
1.22699999999998 0.467098141524971
1.22799999999998 0.46764568988214
1.22899999999998 0.468193075309718
1.22999999999998 0.468740374073967
1.23099999999998 0.468705343513635
1.23199999999998 0.468670168909536
1.23299999999998 0.468634958579956
1.23399999999997 0.468599748629502
1.23499999999997 0.468564518830175
1.23599999999997 0.468529208500388
1.23699999999997 0.468493898554378
1.23799999999997 0.468458588992249
1.23899999999997 0.468423187373773
1.23999999999997 0.468387724517798
1.24099999999997 0.468352269924235
1.24199999999997 0.468316815721055
1.24299999999997 0.468281260866969
1.24399999999997 0.468245706407814
1.24499999999997 0.468210152343692
1.24599999999997 0.46817453709601
1.24699999999997 0.468138829880157
1.24799999999997 0.468103123066267
1.24899999999997 0.468067416654443
1.24999999999997 0.468031650927375
1.25099999999997 0.467995870676116
1.25199999999997 0.467960090830445
1.25299999999997 0.467924280623904
1.25399999999997 0.467888347760887
1.25499999999997 0.467852415310391
1.25599999999997 0.467816483272519
1.25699999999997 0.467780490934015
1.25799999999997 0.467744458536257
1.25899999999997 0.467708426555793
1.25999999999997 0.467672394992728
1.26099999999997 0.467636323775772
1.26199999999997 0.467600252977934
1.26299999999997 0.467564182599321
1.26399999999997 0.467528051038552
1.26499999999997 0.467491827499631
1.26599999999997 0.467455604386879
1.26699999999997 0.467419381700402
1.26799999999997 0.467383099875448
1.26899999999997 0.467346803588652
1.26999999999997 0.467310507731655
1.27099999999997 0.467274192099796
1.27199999999997 0.467237796081504
1.27299999999997 0.467201400497679
1.27399999999997 0.467165005348429
1.27499999999997 0.467128581755615
1.27599999999997 0.467092139347085
1.27699999999997 0.467055697375522
1.27799999999997 0.467019255841033
1.27899999999997 0.466982713794365
1.27999999999997 0.466946172189336
1.28099999999997 0.46690963891017
1.28199999999997 0.466873076339724
1.28299999999997 0.466836469614065
1.28399999999997 0.466799863333104
1.28499999999997 0.466763257496947
1.28599999999997 0.466726592404111
1.28699999999997 0.466689912833791
1.28799999999997 0.466653233711814
1.28899999999997 0.466616545431396
1.28999999999997 0.46657981917321
1.29099999999997 0.466543093365763
1.29199999999997 0.46650636800916
1.29299999999997 0.466469598359977
1.29399999999997 0.466432799335407
1.29499999999997 0.466396000765222
1.29599999999997 0.46635920264953
1.29699999999997 0.466322330448624
1.29799999999997 0.466285458705644
1.29899999999997 0.466248587420699
1.29999999999997 0.4662116974067
1.30099999999997 0.466174786973503
1.30199999999997 0.466137877000148
1.30299999999997 0.466100967486743
1.30399999999997 0.46606401981785
1.30499999999997 0.466027062957111
1.30599999999997 0.465990106558731
1.30699999999997 0.465953141035955
1.30799999999997 0.465916137629544
1.30899999999997 0.465879134687887
1.30999999999997 0.465842132211093
1.31099999999997 0.465805101259454
1.31199999999997 0.465768051481352
1.31299999999997 0.465731002170523
1.31399999999997 0.465693953327076
1.31499999999997 0.465656856738175
1.31599999999997 0.465619760618956
1.31699999999997 0.465582664969531
1.31799999999997 0.465545561114914
1.31899999999997 0.465508444718325
1.31999999999997 0.465471328792793
1.32099999999997 0.465434221187253
1.32199999999997 0.465397075505486
1.32299999999997 0.465359920659659
1.32399999999996 0.465322766286816
1.32499999999996 0.465285613289366
1.32599999999996 0.465248464374201
1.32699999999996 0.465211315932154
1.32799999999996 0.465174167963336
1.32899999999996 0.465136975864183
1.32999999999996 0.465099754505266
1.33099999999996 0.46506253362312
1.33199999999996 0.465025313217854
1.33299999999996 0.464988071327357
1.33399999999996 0.464950829914911
1.33499999999996 0.464913588980625
1.33599999999996 0.464876350331046
1.33699999999996 0.464839114869365
1.33799999999996 0.46480187988598
1.33899999999996 0.464764645381001
1.33999999999996 0.464727393788274
1.34099999999996 0.464690146173418
1.34199999999996 0.464652899037647
1.34299999999996 0.464615642759564
1.34399999999996 0.46457834847601
1.34499999999996 0.46454105467395
1.34599999999996 0.464503761353496
1.34699999999996 0.464466471222814
1.34799999999996 0.464429183379174
1.34899999999996 0.464391896017275
1.34999999999996 0.464354609137228
1.35099999999996 0.464317326944753
1.35199999999996 0.46428004523417
1.35299999999996 0.464242764005588
1.35399999999996 0.464205474601813
1.35499999999996 0.464168172694959
1.35599999999996 0.464130871271374
1.35699999999996 0.46409357033117
1.35799999999996 0.464056252090137
1.35899999999996 0.464018929887492
1.35999999999996 0.463981608169522
1.36099999999996 0.463944295696059
1.36199999999996 0.463906987304165
1.36299999999996 0.463869679396479
1.36399999999996 0.463832371973111
1.36499999999996 0.463795083400391
1.36599999999996 0.463757807555298
1.36699999999996 0.463720532193529
1.36799999999996 0.463683257315196
1.36899999999996 0.463645934574073
1.36999999999996 0.463608612318701
1.37099999999996 0.463571290549189
1.37199999999996 0.463533981502674
1.37299999999996 0.46349669129685
1.37399999999996 0.463459401575894
1.37499999999996 0.463422112339917
1.37599999999996 0.463384827159182
1.37699999999996 0.463347543356012
1.37799999999996 0.463310260037959
1.37899999999996 0.463272977981548
1.37999999999996 0.463235699516032
1.38099999999996 0.463198429437156
1.38199999999996 0.463161159843064
1.38299999999996 0.463123893403083
1.38399999999996 0.463086629227431
1.38499999999996 0.463049365536702
1.38599999999996 0.463012102331005
1.38699999999996 0.462974869857819
1.38799999999996 0.462937637868577
1.38899999999996 0.462900406363387
1.38999999999996 0.462863177112237
1.39099999999996 0.462825951000039
1.39199999999996 0.462788725372035
1.39299999999996 0.462751500228333
1.39399999999996 0.462714278654525
1.39499999999996 0.46267705833646
1.39599999999996 0.462639838502862
1.39699999999996 0.462602625250993
1.39799999999996 0.462565436871623
1.39899999999996 0.462528248975729
1.39999999999996 0.46249106156342
1.40099999999996 0.462457370935554
1.40199999999996 0.462423682170328
1.40299999999996 0.462389993620607
1.40399999999996 0.462356305286479
1.40499999999996 0.462322673684452
1.40599999999996 0.462289042296594
1.40699999999996 0.462255411122992
1.40799999999996 0.462221792224206
1.40899999999996 0.462188191629964
1.40999999999996 0.462154591249386
1.41099999999996 0.462120991082559
1.41199999999996 0.462087394392404
1.41299999999996 0.462053798731778
1.41399999999996 0.462020203285049
1.41499999999995 0.461986608866939
1.41599999999995 0.461953017921367
1.41699999999995 0.461919427189839
1.41799999999995 0.46188583667244
1.41899999999995 0.461852280065729
1.41999999999995 0.461818746136361
1.42099999999995 0.461785209649163
1.42199999999995 0.461751673375065
1.42299999999995 0.461718167670488
1.42399999999995 0.461684662178324
1.42499999999995 0.461651156898658
1.42599999999995 0.461617663859989
1.42699999999995 0.461584189076013
1.42799999999995 0.461550714503943
1.42899999999995 0.461517240143865
1.42999999999995 0.461483790039212
1.43099999999995 0.461450346156794
1.43199999999995 0.461416902485776
1.43299999999995 0.4613834650338
1.43399999999995 0.461350051823103
1.43499999999995 0.461316638823213
1.43599999999995 0.461283226034217
1.43699999999995 0.461249831468772
1.43799999999995 0.461216449122091
1.43899999999995 0.46118306698571
1.43999999999995 0.461149685059718
1.44099999999995 0.4611163661819
1.44199999999995 0.461083047512549
1.44299999999995 0.46104972905175
1.44399999999995 0.46101643319646
1.44499999999995 0.460983171144086
1.44599999999995 0.460949909298933
1.44699999999995 0.460916647661089
1.44799999999995 0.460883410194325
1.44899999999995 0.460850178925198
1.44999999999995 0.460816947862786
1.45099999999995 0.460783722994833
1.45199999999995 0.460750522283889
1.45299999999995 0.460717321779067
1.45399999999995 0.460684121480454
1.45499999999995 0.46065093934107
1.45599999999995 0.460617769376009
1.45699999999995 0.460584599616564
1.45799999999995 0.46055143006282
1.45899999999995 0.460518342860037
1.45999999999995 0.460485255860791
1.46099999999995 0.460452169065168
1.46199999999995 0.460419104818722
1.46299999999995 0.460386074293161
1.46399999999995 0.46035304396989
1.46499999999995 0.460320013848995
1.46599999999995 0.460286986824121
1.46699999999995 0.46025396072509
1.46799999999995 0.460220934828587
1.46899999999995 0.460187920348487
1.46999999999995 0.460154950925287
1.47099999999995 0.460121981703275
1.47199999999995 0.460089012682537
1.47299999999995 0.460056092926161
1.47399999999995 0.460023206078035
1.47499999999995 0.45999031942911
1.47599999999995 0.459957432979471
1.47699999999995 0.4599245767566
1.47799999999995 0.459891720732329
1.47899999999995 0.459858864906743
1.47999999999995 0.45982603147885
1.48099999999995 0.459793238118395
1.48199999999995 0.459760444954814
1.48299999999995 0.459727651988191
1.48399999999995 0.45969492474904
1.48499999999995 0.459662214087525
1.48599999999995 0.459629503620889
1.48699999999995 0.459596794053314
1.48799999999995 0.45956408749712
1.48899999999995 0.459531381135957
1.48999999999995 0.459498674969909
1.49099999999995 0.459466018110781
1.49199999999995 0.459433394186217
1.49299999999995 0.45940077045469
1.49399999999995 0.459368146916282
1.49499999999995 0.459335579197969
1.49599999999995 0.459303011671358
1.49699999999995 0.459270444336532
1.49799999999995 0.459237909812191
1.49899999999995 0.459205424406098
1.49999999999995 0.459172939189717
1.50099999999995 0.459140458493983
1.50199999999995 0.459107980751657
1.50299999999995 0.45907550388985
1.50399999999995 0.459043027217676
1.50499999999995 0.459010572312203
1.50599999999994 0.458978203902629
1.50699999999994 0.458945835679862
1.50799999999994 0.458913467643985
1.50899999999994 0.458881117406059
1.50999999999994 0.458848779095172
1.51099999999994 0.458816440970586
1.51199999999994 0.458784103032384
1.51299999999994 0.458751846701006
1.51399999999994 0.458719590553856
1.51499999999994 0.458687334591014
1.51599999999994 0.458655090626847
1.51699999999994 0.458622864567986
1.51799999999994 0.458590638692839
1.51899999999994 0.458558413001489
1.51999999999994 0.458526273492352
1.52099999999994 0.458468511982576
1.52199999999994 0.458410752473201
1.52299999999994 0.458353005998283
1.52399999999994 0.458295305654858
1.52499999999994 0.458237607304808
1.52599999999994 0.458179910948372
1.52699999999994 0.458122234256525
1.52799999999994 0.458064571335952
1.52899999999994 0.458006910405574
1.52999999999994 0.457949251465629
1.53099999999994 0.457891701830444
1.53199999999994 0.457834154171084
1.53299999999994 0.457776608487789
1.53399999999994 0.457719076449889
1.53499999999994 0.457661563889294
1.53599999999994 0.457604053301376
1.53699999999994 0.457546544686374
1.53799999999994 0.45748910310147
1.53899999999994 0.457431679743896
1.53999999999994 0.457374258348508
1.54099999999994 0.45729120107025
1.54199999999994 0.457208212373507
1.54299999999994 0.457125227408957
1.54399999999994 0.457042246176993
1.54499999999994 0.456959301632958
1.54599999999994 0.456876382781139
1.54699999999994 0.456793467649179
1.54799999999994 0.456710556237468
1.54899999999994 0.456627729667294
1.54999999999994 0.456544906797602
1.55099999999994 0.456462087628785
1.55199999999994 0.456379294173935
1.55299999999994 0.456296537430032
1.55399999999994 0.456213784374225
1.55499999999994 0.456131035006902
1.55599999999994 0.45604833315062
1.55699999999994 0.455965645926639
1.55799999999994 0.455882962378417
1.55899999999994 0.45580029869209
1.55999999999994 0.455717703412971
1.56099999999994 0.455635077963941
1.56199999999994 0.455552456173989
1.56299999999994 0.455469886314527
1.56399999999994 0.455387352279249
1.56499999999994 0.455304821883766
1.56599999999994 0.455222295128466
1.56699999999994 0.45513982703788
1.56799999999994 0.455057362574257
1.56899999999994 0.454974901737983
1.56999999999994 0.454892487035242
1.57099999999994 0.454810139700393
1.57199999999994 0.454727795967014
1.57299999999994 0.454645455835488
1.57399999999994 0.45456314234298
1.57499999999994 0.454480838205689
1.57599999999994 0.454398537664069
1.57699999999994 0.454316261979043
1.57799999999994 0.454234074916365
1.57899999999994 0.45415189142343
1.57999999999994 0.454069711500618
1.58099999999994 0.453987518254884
1.58199999999994 0.453905340067753
1.58299999999994 0.453823165446835
1.58399999999994 0.453740994392509
1.58499999999994 0.453658933033585
1.58599999999994 0.45357687521493
1.58699999999994 0.453494820936924
1.58799999999994 0.453412791931918
1.58899999999994 0.45333079905657
1.58999999999994 0.453248809709132
1.59099999999994 0.453166823889985
1.59199999999994 0.453084926369417
1.59299999999994 0.453003053546005
1.59399999999994 0.452921184224941
1.59499999999994 0.452839329252283
1.59599999999994 0.452757521157136
1.59699999999993 0.452675716551602
1.59799999999993 0.452593915436054
1.59899999999993 0.452512150430283
1.59999999999993 0.452430410650401
1.60099999999993 0.45233843464357
1.60199999999993 0.452246462778965
1.60299999999993 0.452154600763162
1.60399999999993 0.452062742858601
1.60499999999993 0.451970889065714
1.60599999999993 0.45187907125059
1.60699999999993 0.451787305329676
1.60799999999993 0.451695543497712
1.60899999999993 0.451603785755127
1.60999999999993 0.451512075457292
1.61099999999993 0.451420380073715
1.61199999999993 0.451328688764455
1.61299999999993 0.451237017471326
1.61399999999993 0.451145414004473
1.61499999999993 0.451053814589158
1.61599999999993 0.45096221922581
1.61699999999993 0.450870675691988
1.61799999999993 0.45077916804316
1.61899999999993 0.450687664423521
1.61999999999993 0.450596164833497
1.62099999999993 0.45050472094327
1.62199999999993 0.450413281073469
1.62299999999993 0.45032184522452
1.62399999999993 0.450230465671578
1.62499999999993 0.450139168524766
1.62599999999993 0.450047875360553
1.62699999999993 0.449956586179361
1.62799999999993 0.449865364506631
1.62899999999993 0.449774162677391
1.62999999999993 0.449682964808403
1.63099999999993 0.449591781639467
1.63199999999993 0.449500645379383
1.63299999999993 0.44940951306455
1.63399999999993 0.449318384695389
1.63499999999993 0.449227323209395
1.63599999999993 0.449136307602527
1.63699999999993 0.449045295910794
1.63799999999993 0.448954288134615
1.63899999999993 0.448863312415701
1.63999999999993 0.448772340604639
1.64099999999993 0.448681395815752
1.64199999999993 0.44859049675794
1.64299999999993 0.448499664321317
1.64399999999993 0.448408835761068
1.64499999999993 0.448318011077608
1.64599999999993 0.448227253512173
1.64699999999993 0.448136515612958
1.64799999999993 0.448045781567772
1.64899999999993 0.447955067174194
1.64999999999993 0.447864419809741
1.65099999999993 0.447773776276559
1.65199999999993 0.447683136575057
1.65299999999993 0.447592548050913
1.65399999999993 0.44750199490359
1.65499999999993 0.447411445565189
1.65599999999993 0.447320900036121
1.65699999999993 0.447230411635885
1.65799999999993 0.447139927029577
1.65899999999993 0.447049446217606
1.65999999999993 0.446959021046469
1.66099999999993 0.446868700279094
1.66199999999993 0.446778383266461
1.66299999999993 0.446688070008976
1.66399999999993 0.446597782813524
1.66499999999993 0.446507504943007
1.66599999999993 0.446417230820364
1.66699999999993 0.44632697617284
1.66799999999993 0.446236788166981
1.66899999999993 0.446146603886244
1.66999999999993 0.446056423331034
1.67099999999993 0.445966308811922
1.67199999999993 0.445876239533914
1.67299999999993 0.445786173950964
1.67399999999993 0.445696112063476
1.67499999999993 0.445606132348084
1.67599999999993 0.445516156305001
1.67699999999993 0.445426183934626
1.67799999999993 0.445336246602189
1.67899999999993 0.445246359973738
1.67999999999993 0.445156476995245
1.68099999999993 0.445066620288108
1.68199999999993 0.444976809589953
1.68299999999993 0.444887013116967
1.68399999999993 0.444797220278048
1.68499999999993 0.444707446729664
1.68599999999993 0.444617739426068
1.68699999999993 0.444528035733793
1.68799999999992 0.444438335653236
1.68899999999992 0.444348701318338
1.68999999999992 0.44425911199296
1.69099999999992 0.444169526248798
1.69199999999992 0.444079944086244
1.69299999999992 0.443990443486879
1.69399999999992 0.443900946446029
1.69499999999992 0.443811452964086
1.69599999999992 0.443721984139131
1.69699999999992 0.443632550509084
1.69799999999992 0.44354312042296
1.69899999999992 0.443453693881148
1.69999999999992 0.443364353515653
1.70099999999992 0.438842309103571
1.70199999999992 0.434322054009769
1.70299999999992 0.429803598341896
1.70399999999992 0.425286971990882
1.70499999999992 0.420772133575478
1.70599999999992 0.416259082991124
1.70699999999992 0.411747863576089
1.70799999999992 0.407238459481565
1.70899999999992 0.402730841325849
1.70999999999992 0.398225009005031
1.71099999999992 0.393721053986959
1.71199999999992 0.389218882510308
1.71299999999992 0.384718494472071
1.71399999999992 0.380219916502034
1.71499999999992 0.375723160761385
1.71599999999992 0.371228186576062
1.71699999999992 0.366734993843712
1.71799999999992 0.362243616856123
1.71899999999992 0.357754028759788
1.71999999999992 0.353266220748051
1.72099999999992 0.348780226422189
1.72199999999992 0.344296075238684
1.72299999999992 0.339813701311436
1.72399999999992 0.335333104539451
1.72499999999992 0.330854319640098
1.72599999999992 0.326377333654131
1.72699999999992 0.321902122955847
1.72799999999992 0.317428687444905
1.72899999999992 0.312957064136919
1.72999999999992 0.308487214758744
1.73099999999992 0.304019139210476
1.73199999999992 0.29955286527515
1.73299999999992 0.295088405344331
1.73399999999992 0.290625716872967
1.73499999999992 0.286164799762041
1.73599999999992 0.281705680625894
1.73699999999992 0.277248338382173
1.73799999999992 0.272792766148557
1.73899999999992 0.268338976297321
1.73999999999992 0.263887004904444
1.74099999999992 0.259436810854948
1.74199999999992 0.254988384030346
1.74299999999992 0.25054175072138
1.74399999999992 0.246096900788981
1.74499999999992 0.241653816232463
1.74599999999992 0.237212496954814
1.74699999999992 0.232772983714291
1.74799999999992 0.228335234004457
1.74899999999992 0.223899247728968
1.74999999999992 0.219465035186632
1.75099999999992 0.215032606072215
1.75199999999992 0.210601938838326
1.75299999999992 0.206173033389061
1.75399999999992 0.201745927117755
1.75499999999992 0.197320589965043
1.75599999999992 0.192897012258381
1.75699999999992 0.188475200515445
1.75799999999992 0.184055173550581
1.75899999999992 0.17963690419935
1.75999999999992 0.175220392367407
1.76099999999992 0.1708056543078
1.76199999999992 0.166392680612657
1.76299999999992 0.161981462894866
1.76399999999992 0.157572001060521
1.76499999999992 0.153164330582202
1.76599999999992 0.148758413756378
1.76699999999992 0.144354250490042
1.76799999999992 0.139951850506149
1.76899999999992 0.135551217540865
1.76999999999992 0.131152336315409
1.77099999999992 0.126755209834545
1.77199999999992 0.122359851856701
1.77299999999992 0.117966248033434
1.77399999999992 0.113574393828749
1.77499999999992 0.109184291732408
1.77599999999992 0.104795948775181
1.77699999999992 0.100409354125386
1.77799999999991 0.0960245076917836
1.77899999999991 0.0916414221457614
1.77999999999991 0.0872600915161429
1.78099999999991 0.082880508835083
1.78199999999991 0.0785026717601974
1.78299999999991 0.0741265931910846
1.78399999999991 0.0697522585153967
1.78499999999991 0.0653796676434687
1.78599999999991 0.0610088261484417
1.78699999999991 0.056639735353461
1.78799999999991 0.0522723860673859
1.78899999999991 0.0479067782014397
1.78999999999991 0.0435429138003569
1.79099999999991 0.0391807916510049
1.79199999999991 0.0348204099088679
1.79299999999991 0.0304617698988896
1.79399999999991 0.0261048745603084
1.79499999999991 0.0217497173426959
1.79599999999991 0.0173962981583865
1.79699999999991 0.013044617843669
1.79799999999991 0.00869467518129883
1.79899999999991 0.00434646926261611
1.79999999999991 3.80177396110975e-13
