0.8 0.997536814
0.801 0.9975329633
0.802 0.9975291126
0.803 0.9975252619
0.804 0.9975214112
0.805 0.9975175605
0.806 0.9975137098
0.807 0.9975098591
0.808 0.9975060084
0.809 0.9975021577
0.81 0.997498307
0.811 0.9974944563
0.812 0.9974906056
0.813000000000001 0.9974867549
0.814000000000001 0.9974829042
0.815000000000001 0.9974790535
0.816000000000001 0.9974752028
0.817000000000001 0.9974713521
0.818000000000001 0.9974675014
0.819000000000001 0.9974636507
0.820000000000001 0.9974598
0.821000000000001 0.9974559492
0.822000000000001 0.9974520984
0.823000000000001 0.9974482476
0.824000000000001 0.9974443968
0.825000000000001 0.997440546
0.826000000000001 0.9974366952
0.827000000000001 0.9974328444
0.828000000000001 0.9974289936
0.829000000000001 0.9974251428
0.830000000000001 0.997421292
0.831000000000001 0.9974174411
0.832000000000001 0.9974135902
0.833000000000001 0.9974097393
0.834000000000001 0.9974058884
0.835000000000001 0.9974020375
0.836000000000001 0.9973981866
0.837000000000001 0.9973943357
0.838000000000001 0.9973904848
0.839000000000001 0.9973866339
0.840000000000001 0.997382783
0.841000000000001 0.997378932
0.842000000000001 0.997375081
0.843000000000001 0.99737123
0.844000000000001 0.997367379
0.845000000000001 0.997363528
0.846000000000001 0.997359677
0.847000000000001 0.997355826
0.848000000000001 0.997351975
0.849000000000001 0.997348124
0.850000000000001 0.997344273
0.851000000000001 0.997340422
0.852000000000001 0.997336571
0.853000000000001 0.99733272
0.854000000000001 0.997328869
0.855000000000001 0.997325018
0.856000000000001 0.997321167
0.857000000000001 0.997317316
0.858000000000001 0.997313465
0.859000000000001 0.997309614
0.860000000000001 0.997305763
0.861000000000001 0.997301912
0.862000000000001 0.997298061
0.863000000000001 0.99729421
0.864000000000001 0.997290359
0.865000000000001 0.997286508
0.866000000000001 0.997282657
0.867000000000001 0.997278806
0.868000000000001 0.997274955
0.869000000000001 0.997271104
0.870000000000001 0.997267253
0.871000000000001 0.9972634018
0.872000000000001 0.9972595506
0.873000000000001 0.9972556994
0.874000000000001 0.9972518482
0.875000000000001 0.997247997
0.876000000000001 0.9972441458
0.877000000000001 0.9972402946
0.878000000000001 0.9972364434
0.879000000000001 0.9972325922
0.880000000000001 0.997228741
0.881000000000001 0.9972248898
0.882000000000001 0.9972210386
0.883000000000001 0.9972171874
0.884000000000001 0.9972133362
0.885000000000001 0.997209485
0.886000000000001 0.9972056338
0.887000000000001 0.9972017826
0.888000000000001 0.9971979314
0.889000000000001 0.9971940802
0.890000000000001 0.997190229
0.891000000000001 0.9971863777
0.892000000000001 0.9971825264
0.893000000000001 0.9971786751
0.894000000000001 0.9971748238
0.895000000000001 0.9971709725
0.896000000000001 0.9971671212
0.897000000000001 0.9971632699
0.898000000000001 0.9971594186
0.899000000000001 0.9971555673
0.900000000000001 0.997151716
0.901000000000001 0.9971478647
0.902000000000001 0.9971440134
0.903000000000001 0.9971401621
0.904000000000001 0.9971363108
0.905000000000001 0.9971324595
0.906000000000001 0.9971286082
0.907000000000001 0.9971247569
0.908000000000001 0.9971209056
0.909000000000001 0.9971170543
0.910000000000001 0.997113203
0.911000000000001 0.9971093516
0.912000000000001 0.9971055002
0.913000000000001 0.9971016488
0.914000000000001 0.9970977974
0.915000000000001 0.997093946
0.916000000000001 0.9970900946
0.917000000000001 0.9970862432
0.918000000000001 0.9970823918
0.919000000000001 0.9970785404
0.920000000000001 0.997074689
0.921000000000001 0.9970708375
0.922000000000001 0.997066986
0.923000000000001 0.9970631345
0.924000000000001 0.997059283
0.925000000000001 0.9970554315
0.926000000000001 0.99705158
0.927000000000001 0.9970477285
0.928000000000001 0.997043877
0.929000000000001 0.9970400255
0.930000000000001 0.997036174
0.931000000000001 0.9970323225
0.932000000000001 0.997028471
0.933000000000001 0.9970246195
0.934000000000001 0.997020768
0.935000000000001 0.9970169165
0.936000000000001 0.997013065
0.937000000000001 0.9970092135
0.938000000000001 0.997005362
0.939000000000001 0.9970015105
0.940000000000001 0.996997659
0.941000000000001 0.9969938074
0.942000000000001 0.9969899558
0.943000000000001 0.9969861042
0.944000000000001 0.9969822526
0.945000000000001 0.996978401
0.946000000000001 0.9969745494
0.947000000000001 0.9969706978
0.948000000000001 0.9969668462
0.949000000000001 0.9969629946
0.950000000000001 0.996959143
0.951000000000001 0.9969552913
0.952000000000001 0.9969514396
0.953000000000001 0.9969475879
0.954000000000001 0.9969437362
0.955000000000001 0.9969398845
0.956000000000001 0.9969360328
0.957000000000001 0.9969321811
0.958000000000001 0.9969283294
0.959000000000001 0.9969244777
0.960000000000001 0.996920626
0.961000000000001 0.9969167743
0.962000000000001 0.9969129226
0.963000000000001 0.9969090709
0.964000000000001 0.9969052192
0.965000000000001 0.9969013675
0.966000000000001 0.9968975158
0.967000000000001 0.9968936641
0.968000000000001 0.9968898124
0.969000000000001 0.9968859607
0.970000000000001 0.996882109
0.971000000000001 0.9968782572
0.972000000000001 0.9968744054
0.973000000000001 0.9968705536
0.974000000000001 0.9968667018
0.975000000000001 0.99686285
0.976000000000001 0.9968589982
0.977000000000001 0.9968551464
0.978000000000001 0.9968512946
0.979000000000001 0.9968474428
0.980000000000001 0.996843591
0.981000000000001 0.9968397391
0.982000000000001 0.9968358872
0.983000000000001 0.9968320353
0.984000000000001 0.9968281834
0.985000000000001 0.9968243315
0.986000000000001 0.9968204796
0.987000000000001 0.9968166277
0.988000000000001 0.9968127758
0.989000000000001 0.9968089239
0.990000000000001 0.996805072
0.991000000000001 0.9968012201
0.992000000000001 0.9967973682
0.993000000000001 0.9967935163
0.994000000000001 0.9967896644
0.995000000000001 0.9967858125
0.996000000000001 0.9967819606
0.997000000000001 0.9967781087
0.998000000000001 0.9967742568
0.999000000000001 0.9967704049
1.0 0.996766553
1.001 0.99676270095
1.002 0.9967588489
1.003 0.99675499685
1.004 0.9967511448
1.005 0.99674729275
1.006 0.9967434407
1.007 0.99673958865
1.008 0.9967357366
1.009 0.99673188455
1.01 0.9967280325
1.011 0.99672418045
1.012 0.9967203284
1.013 0.99671647635
1.014 0.9967126243
1.015 0.99670877225
1.016 0.9967049202
1.017 0.99670106815
1.018 0.9966972161
1.019 0.99669336405
1.02 0.996689512
1.021 0.99668565975
1.022 0.9966818075
1.023 0.99667795525
1.024 0.996674103
1.025 0.99667025075
1.026 0.9966663985
1.027 0.99666254625
1.028 0.996658694
1.029 0.99665484175
1.03 0.9966509895
1.031 0.99664713725
1.032 0.996643285
1.033 0.99663943275
1.034 0.9966355805
1.035 0.99663172825
1.036 0.996627876
1.037 0.99662402375
1.038 0.9966201715
1.039 0.99661631925
1.04 0.996612467
1.041 0.99660861475
1.042 0.9966047625
1.043 0.99660091025
1.044 0.996597058
1.045 0.99659320575
1.046 0.9965893535
1.047 0.99658550125
1.048 0.996581649
1.049 0.99657779675
1.05 0.9965739445
1.051 0.99657009225
1.05199999999999 0.99656624
1.05299999999999 0.99656238775
1.05399999999999 0.9965585355
1.05499999999999 0.99655468325
1.05599999999999 0.996550831
1.05699999999999 0.99654697875
1.05799999999999 0.9965431265
1.05899999999999 0.99653927425
1.05999999999999 0.996535422
