1.0 0.995273223
1.001 0.9952693746
1.002 0.9952655262
1.003 0.9952616778
1.004 0.9952578294
1.005 0.995253981
1.006 0.9952501326
1.007 0.9952462842
1.008 0.9952424358
1.009 0.9952385874
1.01 0.995234739
1.011 0.9952308906
1.012 0.9952270422
1.013 0.9952231938
1.014 0.9952193454
1.015 0.995215497
1.016 0.9952116486
1.017 0.9952078002
1.018 0.9952039518
1.019 0.9952001034
1.02 0.995196255
1.021 0.99519240655
1.022 0.9951885581
1.023 0.99518470965
1.024 0.9951808612
1.025 0.99517701275
1.026 0.9951731643
1.027 0.99516931585
1.028 0.9951654674
1.029 0.99516161895
1.03 0.9951577705
1.031 0.99515392205
1.032 0.9951500736
1.033 0.99514622515
1.034 0.9951423767
1.035 0.99513852825
1.036 0.9951346798
1.037 0.99513083135
1.038 0.9951269829
1.039 0.99512313445
1.04 0.995119286
1.041 0.99511543745
1.042 0.9951115889
1.043 0.99510774035
1.044 0.9951038918
1.045 0.99510004325
1.046 0.9950961947
1.047 0.99509234615
1.048 0.9950884976
1.049 0.99508464905
1.05 0.9950808005
1.051 0.99507695195
1.05199999999999 0.9950731034
1.05299999999999 0.99506925485
1.05399999999999 0.9950654063
1.05499999999999 0.99506155775
1.05599999999999 0.9950577092
1.05699999999999 0.99505386065
1.05799999999999 0.9950500121
1.05899999999999 0.99504616355
1.05999999999999 0.995042315
1.06099999999999 0.99502316035
1.06199999999999 0.9950040057
1.06299999999999 0.99498485105
1.06399999999999 0.9949656964
1.06499999999999 0.99494654175
1.06599999999999 0.9949273871
1.06699999999999 0.99490823245
1.06799999999999 0.9948890778
1.06899999999999 0.99486992315
1.06999999999999 0.9948507685
1.07099999999999 0.99483161385
1.07199999999999 0.9948124592
1.07299999999999 0.99479330455
1.07399999999999 0.9947741499
1.07499999999999 0.99475499525
1.07599999999999 0.9947358406
1.07699999999999 0.99471668595
1.07799999999999 0.9946975313
1.07899999999999 0.99467837665
1.07999999999999 0.994659222
1.08099999999999 0.9946400641
1.08199999999999 0.9946209062
1.08299999999999 0.9946017483
1.08399999999999 0.9945825904
1.08499999999999 0.9945634325
1.08599999999999 0.9945442746
1.08699999999999 0.9945251167
1.08799999999999 0.9945059588
1.08899999999999 0.9944868009
1.08999999999999 0.994467643
1.09099999999999 0.9944484851
1.09199999999999 0.9944293272
1.09299999999999 0.9944101693
1.09399999999999 0.9943910114
1.09499999999999 0.9943718535
1.09599999999999 0.9943526956
1.09699999999999 0.9943335377
1.09799999999999 0.9943143798
1.09899999999999 0.9942952219
1.09999999999999 0.994276064
1.10099999999999 0.99425690285
1.10199999999999 0.9942377417
1.10299999999999 0.99421858055
1.10399999999999 0.9941994194
1.10499999999999 0.99418025825
1.10599999999999 0.9941610971
1.10699999999999 0.99414193595
1.10799999999999 0.9941227748
1.10899999999999 0.99410361365
1.10999999999999 0.9940844525
1.11099999999999 0.99406529135
1.11199999999999 0.9940461302
1.11299999999999 0.99402696905
1.11399999999999 0.9940078079
1.11499999999999 0.99398864675
1.11599999999999 0.9939694856
1.11699999999999 0.99395032445
1.11799999999999 0.9939311633
1.11899999999999 0.99391200215
1.11999999999999 0.993892841
1.12099999999999 0.99387367665
1.12199999999999 0.9938545123
1.12299999999999 0.99383534795
1.12399999999999 0.9938161836
1.12499999999999 0.99379701925
1.12599999999999 0.9937778549
1.12699999999999 0.99375869055
1.12799999999999 0.9937395262
1.12899999999999 0.99372036185
1.12999999999999 0.9937011975
1.13099999999999 0.99368203315
1.13199999999999 0.9936628688
1.13299999999999 0.99364370445
1.13399999999999 0.9936245401
1.13499999999999 0.99360537575
1.13599999999999 0.9935862114
1.13699999999999 0.99356704705
1.13799999999999 0.9935478827
1.13899999999999 0.99352871835
1.13999999999999 0.993509554
1.14099999999999 0.9934903864
1.14199999999999 0.9934712188
1.14299999999998 0.9934520512
1.14399999999998 0.9934328836
1.14499999999998 0.993413716
1.14599999999998 0.9933945484
1.14699999999998 0.9933753808
1.14799999999998 0.9933562132
1.14899999999998 0.9933370456
1.14999999999998 0.993317878
1.15099999999998 0.9932987104
1.15199999999998 0.9932795428
1.15299999999998 0.9932603752
1.15399999999998 0.9932412076
1.15499999999998 0.99322204
1.15599999999998 0.9932028724
1.15699999999998 0.9931837048
1.15799999999998 0.9931645372
1.15899999999998 0.9931453696
1.15999999999998 0.993126202
1.16099999999998 0.9931070311
1.16199999999998 0.9930878602
1.16299999999998 0.9930686893
1.16399999999998 0.9930495184
1.16499999999998 0.9930303475
1.16599999999998 0.9930111766
1.16699999999998 0.9929920057
1.16799999999998 0.9929728348
1.16899999999998 0.9929536639
1.16999999999998 0.992934493
1.17099999999998 0.9929153221
1.17199999999998 0.9928961512
1.17299999999998 0.9928769803
1.17399999999998 0.9928578094
1.17499999999998 0.9928386385
1.17599999999998 0.9928194676
1.17699999999998 0.9928002967
1.17799999999998 0.9927811258
1.17899999999998 0.9927619549
1.17999999999998 0.992742784
1.18099999999998 0.9927236099
1.18199999999998 0.9927044358
1.18299999999998 0.9926852617
1.18399999999998 0.9926660876
1.18499999999998 0.9926469135
1.18599999999998 0.9926277394
1.18699999999998 0.9926085653
1.18799999999998 0.9925893912
1.18899999999998 0.9925702171
1.18999999999998 0.992551043
1.19099999999998 0.9925318689
1.19199999999998 0.9925126948
1.19299999999998 0.9924935207
1.19399999999998 0.9924743466
1.19499999999998 0.9924551725
1.19599999999998 0.9924359984
1.19699999999998 0.9924168243
1.19799999999998 0.9923976502
1.19899999999998 0.9923784761
1.19999999999998 0.992359302
1.20099999999998 0.992317802300001
1.20199999999998 0.992276302600001
1.20299999999998 0.992234802900001
1.20399999999998 0.992193303200001
1.20499999999998 0.992151803500001
1.20599999999998 0.992110303800001
1.20699999999998 0.992068804100001
1.20799999999998 0.992027304400001
1.20899999999998 0.991985804700001
1.20999999999998 0.991944305000001
1.21099999999998 0.991902805300001
1.21199999999998 0.991861305600001
1.21299999999998 0.991819805900001
1.21399999999998 0.991778306200001
1.21499999999998 0.991736806500001
1.21599999999998 0.991695306800001
1.21699999999998 0.991653807100001
1.21799999999998 0.991612307400001
1.21899999999998 0.991570807700001
1.21999999999998 0.991529308000001
1.22099999999998 0.991487824850001
1.22199999999998 0.991446341700001
1.22299999999998 0.991404858550001
1.22399999999998 0.991363375400001
1.22499999999998 0.991321892250001
1.22599999999998 0.991280409100001
1.22699999999998 0.991238925950001
1.22799999999998 0.991197442800001
1.22899999999998 0.991155959650001
1.22999999999998 0.991114476500001
1.23099999999998 0.991072993350001
1.23199999999998 0.991031510200001
1.23299999999998 0.990990027050001
1.23399999999997 0.990948543900001
1.23499999999997 0.990907060750001
1.23599999999997 0.990865577600001
1.23699999999997 0.990824094450001
1.23799999999997 0.990782611300001
1.23899999999997 0.990741128150001
1.23999999999997 0.990699645000001
1.24099999999997 0.990658178500001
1.24199999999997 0.990616712000001
1.24299999999997 0.990575245500001
1.24399999999997 0.990533779000001
1.24499999999997 0.990492312500001
1.24599999999997 0.990450846000001
1.24699999999997 0.990409379500001
1.24799999999997 0.990367913000001
1.24899999999997 0.990326446500001
1.24999999999997 0.990284980000001
1.25099999999997 0.990243513500001
1.25199999999997 0.990202047000001
1.25299999999997 0.990160580500001
1.25399999999997 0.990119114000001
1.25499999999997 0.990077647500001
1.25599999999997 0.990036181000001
1.25699999999997 0.989994714500001
1.25799999999997 0.989953248000001
1.25899999999997 0.989911781500001
1.25999999999997 0.989870315000001
1.26099999999997 0.989828865100001
1.26199999999997 0.989787415200001
1.26299999999997 0.989745965300001
1.26399999999997 0.989704515400001
1.26499999999997 0.989663065500001
1.26599999999997 0.989621615600001
1.26699999999997 0.989580165700001
1.26799999999997 0.989538715800001
1.26899999999997 0.989497265900001
1.26999999999997 0.989455816000001
1.27099999999997 0.989414366100001
1.27199999999997 0.989372916200001
1.27299999999997 0.989331466300001
1.27399999999997 0.989290016400001
1.27499999999997 0.989248566500001
1.27599999999997 0.989207116600001
1.27699999999997 0.989165666700001
1.27799999999997 0.989124216800001
1.27899999999997 0.989082766900001
1.27999999999997 0.989041317000001
1.28099999999997 0.988999883800001
1.28199999999997 0.988958450600001
1.28299999999997 0.988917017400001
1.28399999999997 0.988875584200001
1.28499999999997 0.988834151000001
1.28599999999997 0.988792717800001
1.28699999999997 0.988751284600001
1.28799999999997 0.988709851400001
1.28899999999997 0.988668418200001
1.28999999999997 0.988626985000001
1.29099999999997 0.988585551800001
1.29199999999997 0.988544118600001
1.29299999999997 0.988502685400001
1.29399999999997 0.988461252200001
1.29499999999997 0.988419819000001
1.29599999999997 0.988378385800001
1.29699999999997 0.988336952600001
1.29799999999997 0.988295519400001
1.29899999999997 0.988254086200001
1.29999999999997 0.988212653000001
1.30099999999997 0.988171236550001
1.30199999999997 0.988129820100001
1.30299999999997 0.988088403650001
1.30399999999997 0.988046987200001
1.30499999999997 0.988005570750001
1.30599999999997 0.987964154300001
1.30699999999997 0.987922737850001
1.30799999999997 0.987881321400001
1.30899999999997 0.987839904950001
1.30999999999997 0.987798488500001
1.31099999999997 0.987757072050001
1.31199999999997 0.987715655600001
1.31299999999997 0.987674239150001
1.31399999999997 0.987632822700001
1.31499999999997 0.987591406250001
1.31599999999997 0.987549989800001
1.31699999999997 0.987508573350001
1.31799999999997 0.987467156900001
1.31899999999997 0.987425740450001
1.31999999999997 0.987384324000001
1.32099999999997 0.987342924200001
1.32199999999997 0.987301524400001
1.32299999999997 0.987260124600001
1.32399999999996 0.987218724800001
1.32499999999996 0.987177325000001
1.32599999999996 0.987135925200001
1.32699999999996 0.987094525400001
1.32799999999996 0.987053125600001
1.32899999999996 0.987011725800001
1.32999999999996 0.986970326000001
1.33099999999996 0.986928926200001
1.33199999999996 0.986887526400001
1.33299999999996 0.986846126600001
1.33399999999996 0.986804726800001
1.33499999999996 0.986763327000001
1.33599999999996 0.986721927200001
1.33699999999996 0.986680527400001
1.33799999999996 0.986639127600001
1.33899999999996 0.986597727800001
1.33999999999996 0.986556328000001
1.34099999999996 0.986514944950001
1.34199999999996 0.986473561900001
1.34299999999996 0.986432178850001
1.34399999999996 0.986390795800001
1.34499999999996 0.986349412750001
1.34599999999996 0.986308029700001
1.34699999999996 0.986266646650001
1.34799999999996 0.986225263600002
1.34899999999996 0.986183880550002
1.34999999999996 0.986142497500001
1.35099999999996 0.986101114450001
1.35199999999996 0.986059731400002
1.35299999999996 0.986018348350002
1.35399999999996 0.985976965300002
1.35499999999996 0.985935582250002
1.35599999999996 0.985894199200002
1.35699999999996 0.985852816150002
1.35799999999996 0.985811433100002
1.35899999999996 0.985770050050002
1.35999999999996 0.985728667000002
1.36099999999996 0.985687300650002
1.36199999999996 0.985645934300002
1.36299999999996 0.985604567950002
1.36399999999996 0.985563201600002
1.36499999999996 0.985521835250002
1.36599999999996 0.985480468900002
1.36699999999996 0.985439102550002
1.36799999999996 0.985397736200002
1.36899999999996 0.985356369850002
1.36999999999996 0.985315003500002
1.37099999999996 0.985273637150002
1.37199999999996 0.985232270800002
1.37299999999996 0.985190904450002
1.37399999999996 0.985149538100002
1.37499999999996 0.985108171750002
1.37599999999996 0.985066805400002
1.37699999999996 0.985025439050002
1.37799999999996 0.984984072700002
1.37899999999996 0.984942706350002
1.37999999999996 0.984901340000002
1.38099999999996 0.984859990450002
1.38199999999996 0.984818640900002
1.38299999999996 0.984777291350002
1.38399999999996 0.984735941800002
1.38499999999996 0.984694592250002
1.38599999999996 0.984653242700002
1.38699999999996 0.984611893150002
1.38799999999996 0.984570543600002
1.38899999999996 0.984529194050002
1.38999999999996 0.984487844500002
1.39099999999996 0.984446494950002
1.39199999999996 0.984405145400002
1.39299999999996 0.984363795850002
1.39399999999996 0.984322446300002
1.39499999999996 0.984281096750002
1.39599999999996 0.984239747200002
1.39699999999996 0.984198397650002
1.39799999999996 0.984157048100002
1.39899999999996 0.984115698550002
1.39999999999996 0.984074349000002
1.40099999999996 0.984040433800001
1.40199999999996 0.984006518600001
1.40299999999996 0.983972603400001
1.40399999999996 0.983938688200001
1.40499999999996 0.983904773000001
1.40599999999996 0.983870857800001
1.40699999999996 0.983836942600001
1.40799999999996 0.983803027400001
1.40899999999996 0.983769112200001
1.40999999999996 0.983735197000001
1.41099999999996 0.983701281800001
1.41199999999996 0.983667366600001
1.41299999999996 0.983633451400001
1.41399999999996 0.983599536200001
1.41499999999995 0.983565621000001
1.41599999999995 0.983531705800001
1.41699999999995 0.983497790600001
1.41799999999995 0.983463875400001
1.41899999999995 0.983429960200001
1.41999999999995 0.983396045000001
1.42099999999995 0.983362123900001
1.42199999999995 0.983328202800001
1.42299999999995 0.983294281700001
1.42399999999995 0.983260360600001
1.42499999999995 0.983226439500001
1.42599999999995 0.983192518400001
1.42699999999995 0.983158597300001
1.42799999999995 0.983124676200002
1.42899999999995 0.983090755100002
1.42999999999995 0.983056834000002
1.43099999999995 0.983022912900002
1.43199999999995 0.982988991800002
1.43299999999995 0.982955070700002
1.43399999999995 0.982921149600002
1.43499999999995 0.982887228500002
1.43599999999995 0.982853307400002
1.43699999999995 0.982819386300002
1.43799999999995 0.982785465200002
1.43899999999995 0.982751544100002
1.43999999999995 0.982717623000002
1.44099999999995 0.982683715875002
1.44199999999995 0.982649808750002
1.44299999999995 0.982615901625002
1.44399999999995 0.982581994500002
1.44499999999995 0.982548087375002
1.44599999999995 0.982514180250002
1.44699999999995 0.982480273125002
1.44799999999995 0.982446366000002
1.44899999999995 0.982412458875002
1.44999999999995 0.982378551750002
1.45099999999995 0.982344644625002
1.45199999999995 0.982310737500002
1.45299999999995 0.982276830375002
1.45399999999995 0.982242923250002
1.45499999999995 0.982209016125002
1.45599999999995 0.982175109000002
1.45699999999995 0.982141201875002
1.45799999999995 0.982107294750002
1.45899999999995 0.982073387625002
1.45999999999995 0.982039480500002
1.46099999999995 0.982005573375002
1.46199999999995 0.981971666250002
1.46299999999995 0.981937759125002
1.46399999999995 0.981903852000002
1.46499999999995 0.981869944875002
1.46599999999995 0.981836037750002
1.46699999999995 0.981802130625002
1.46799999999995 0.981768223500002
1.46899999999995 0.981734316375002
1.46999999999995 0.981700409250002
1.47099999999995 0.981666502125002
1.47199999999995 0.981632595000002
1.47299999999995 0.981598687875002
1.47399999999995 0.981564780750002
1.47499999999995 0.981530873625002
1.47599999999995 0.981496966500002
1.47699999999995 0.981463059375002
1.47799999999995 0.981429152250002
1.47899999999995 0.981395245125002
1.47999999999995 0.981361338000002
1.48099999999995 0.981327444900002
1.48199999999995 0.981293551800002
1.48299999999995 0.981259658700002
1.48399999999995 0.981225765600002
1.48499999999995 0.981191872500002
1.48599999999995 0.981157979400002
1.48699999999995 0.981124086300002
1.48799999999995 0.981090193200002
1.48899999999995 0.981056300100002
1.48999999999995 0.981022407000002
1.49099999999995 0.980988513900002
1.49199999999995 0.980954620800002
1.49299999999995 0.980920727700002
1.49399999999995 0.980886834600002
1.49499999999995 0.980852941500002
1.49599999999995 0.980819048400002
1.49699999999995 0.980785155300002
1.49799999999995 0.980751262200002
1.49899999999995 0.980717369100002
1.49999999999995 0.980683476000002
1.50099999999995 0.980649592150002
1.50199999999995 0.980615708300002
1.50299999999995 0.980581824450002
1.50399999999995 0.980547940600002
1.50499999999995 0.980514056750002
1.50599999999994 0.980480172900002
1.50699999999994 0.980446289050002
1.50799999999994 0.980412405200002
1.50899999999994 0.980378521350002
1.50999999999994 0.980344637500002
1.51099999999994 0.980310753650002
1.51199999999994 0.980276869800002
1.51299999999994 0.980242985950002
1.51399999999994 0.980209102100002
1.51499999999994 0.980175218250002
1.51599999999994 0.980141334400002
1.51699999999994 0.980107450550002
1.51799999999994 0.980073566700002
1.51899999999994 0.980039682850002
1.51999999999994 0.980005799000002
1.52099999999994 0.979917105100005
1.52199999999994 0.979828411200005
1.52299999999994 0.979739717300005
1.52399999999994 0.979651023400005
1.52499999999994 0.979562329500005
1.52599999999994 0.979473635600005
1.52699999999994 0.979384941700005
1.52799999999994 0.979296247800005
1.52899999999994 0.979207553900005
1.52999999999994 0.979118860000005
1.53099999999994 0.979030166100005
1.53199999999994 0.978941472200005
1.53299999999994 0.978852778300005
1.53399999999994 0.978764084400005
1.53499999999994 0.978675390500005
1.53599999999994 0.978586696600005
1.53699999999994 0.978498002700005
1.53799999999994 0.978409308800005
1.53899999999994 0.978320614900005
1.53999999999994 0.978231921000005
1.54099999999994 0.978088356300008
1.54199999999994 0.977944791600008
1.54299999999994 0.977801226900008
1.54399999999994 0.977657662200008
1.54499999999994 0.977514097500008
1.54599999999994 0.977370532800008
1.54699999999994 0.977226968100008
1.54799999999994 0.977083403400008
1.54899999999994 0.976939838700008
1.54999999999994 0.976796274000009
1.55099999999994 0.976652709300009
1.55199999999994 0.976509144600009
1.55299999999994 0.976365579900009
1.55399999999994 0.976222015200009
1.55499999999994 0.976078450500009
1.55599999999994 0.975934885800009
1.55699999999994 0.975791321100009
1.55799999999994 0.975647756400009
1.55899999999994 0.975504191700009
1.55999999999994 0.975360627000009
1.56099999999994 0.975216989900009
1.56199999999994 0.975073352800009
1.56299999999994 0.974929715700009
1.56399999999994 0.974786078600009
1.56499999999994 0.974642441500009
1.56599999999994 0.974498804400009
1.56699999999994 0.974355167300009
1.56799999999994 0.974211530200009
1.56899999999994 0.974067893100009
1.56999999999994 0.973924256000009
1.57099999999994 0.973780618900009
1.57199999999994 0.973636981800009
1.57299999999994 0.973493344700009
1.57399999999994 0.973349707600009
1.57499999999994 0.973206070500009
1.57599999999994 0.973062433400009
1.57699999999994 0.972918796300009
1.57799999999994 0.972775159200009
1.57899999999994 0.972631522100009
1.57999999999994 0.972487885000009
1.58099999999994 0.972344174800009
1.58199999999994 0.972200464600009
1.58299999999994 0.972056754400009
1.58399999999994 0.971913044200009
1.58499999999994 0.971769334000009
1.58599999999994 0.971625623800009
1.58699999999994 0.971481913600009
1.58799999999994 0.971338203400009
1.58899999999994 0.971194493200009
1.58999999999994 0.971050783000009
1.59099999999994 0.970907072800009
1.59199999999994 0.970763362600009
1.59299999999994 0.970619652400009
1.59399999999994 0.970475942200009
1.59499999999994 0.970332232000009
1.59599999999994 0.970188521800009
1.59699999999993 0.970044811600009
1.59799999999993 0.969901101400009
1.59899999999993 0.969757391200009
1.59999999999993 0.969613681000009
1.60099999999993 0.969448025150011
1.60199999999993 0.969282369300011
1.60299999999993 0.969116713450011
1.60399999999993 0.968951057600011
1.60499999999993 0.968785401750011
1.60599999999993 0.968619745900011
1.60699999999993 0.968454090050011
1.60799999999993 0.968288434200011
1.60899999999993 0.968122778350011
1.60999999999993 0.967957122500011
1.61099999999993 0.967791466650011
1.61199999999993 0.967625810800011
1.61299999999993 0.967460154950011
1.61399999999993 0.967294499100011
1.61499999999993 0.967128843250011
1.61599999999993 0.966963187400011
1.61699999999993 0.966797531550011
1.61799999999993 0.966631875700011
1.61899999999993 0.966466219850011
1.61999999999993 0.966300564000011
1.62099999999993 0.966134958200011
1.62199999999993 0.965969352400011
1.62299999999993 0.965803746600011
1.62399999999993 0.965638140800011
1.62499999999993 0.965472535000011
1.62599999999993 0.965306929200011
1.62699999999993 0.965141323400011
1.62799999999993 0.964975717600011
1.62899999999993 0.964810111800011
1.62999999999993 0.964644506000011
1.63099999999993 0.964478900200011
1.63199999999993 0.964313294400011
1.63299999999993 0.964147688600011
1.63399999999993 0.963982082800012
1.63499999999993 0.963816477000011
1.63599999999993 0.963650871200012
1.63699999999993 0.963485265400012
1.63799999999993 0.963319659600012
1.63899999999993 0.963154053800012
1.63999999999993 0.962988448000012
1.64099999999993 0.962822891800012
1.64199999999993 0.962657335600012
1.64299999999993 0.962491779400012
1.64399999999993 0.962326223200012
1.64499999999993 0.962160667000012
1.64599999999993 0.961995110800012
1.64699999999993 0.961829554600012
1.64799999999993 0.961663998400012
1.64899999999993 0.961498442200012
1.64999999999993 0.961332886000012
1.65099999999993 0.961167329800012
1.65199999999993 0.961001773600012
1.65299999999993 0.960836217400012
1.65399999999993 0.960670661200012
1.65499999999993 0.960505105000012
1.65599999999993 0.960339548800012
1.65699999999993 0.960173992600012
1.65799999999993 0.960008436400012
1.65899999999993 0.959842880200012
1.65999999999993 0.959677324000012
1.66099999999993 0.959511816900012
1.66199999999993 0.959346309800012
1.66299999999993 0.959180802700012
1.66399999999993 0.959015295600012
1.66499999999993 0.958849788500012
1.66599999999993 0.958684281400012
1.66699999999993 0.958518774300012
1.66799999999993 0.958353267200012
1.66899999999993 0.958187760100012
1.66999999999993 0.958022253000012
1.67099999999993 0.957856745900012
1.67199999999993 0.957691238800012
1.67299999999993 0.957525731700012
1.67399999999993 0.957360224600012
1.67499999999993 0.957194717500012
1.67599999999993 0.957029210400012
1.67699999999993 0.956863703300012
1.67799999999993 0.956698196200012
1.67899999999993 0.956532689100012
1.67999999999993 0.956367182000012
1.68099999999993 0.956201723500012
1.68199999999993 0.956036265000012
1.68299999999993 0.955870806500012
1.68399999999993 0.955705348000012
1.68499999999993 0.955539889500012
1.68599999999993 0.955374431000012
1.68699999999993 0.955208972500012
1.68799999999992 0.955043514000013
1.68899999999992 0.954878055500012
1.68999999999992 0.954712597000013
1.69099999999992 0.954547138500013
1.69199999999992 0.954381680000013
1.69299999999992 0.954216221500013
1.69399999999992 0.954050763000013
1.69499999999992 0.953885304500013
1.69599999999992 0.953719846000013
1.69699999999992 0.953554387500013
1.69799999999992 0.953388929000013
1.69899999999992 0.953223470500013
1.69999999999992 0.953058012000013
1.70099999999992 0.952892601600013
1.70199999999992 0.952727191200013
1.70299999999992 0.952561780800013
1.70399999999992 0.952396370400013
1.70499999999992 0.952230960000013
1.70599999999992 0.952065549600013
1.70699999999992 0.951900139200013
1.70799999999992 0.951734728800013
1.70899999999992 0.951569318400013
1.70999999999992 0.951403908000013
1.71099999999992 0.951238497600013
1.71199999999992 0.951073087200013
1.71299999999992 0.950907676800013
1.71399999999992 0.950742266400013
1.71499999999992 0.950576856000013
1.71599999999992 0.950411445600013
1.71699999999992 0.950246035200013
1.71799999999992 0.950080624800013
1.71899999999992 0.949915214400013
1.71999999999992 0.949749804000013
1.72099999999992 0.949584441150013
1.72199999999992 0.949419078300013
1.72299999999992 0.949253715450013
1.72399999999992 0.949088352600013
1.72499999999992 0.948922989750013
1.72599999999992 0.948757626900013
1.72699999999992 0.948592264050013
1.72799999999992 0.948426901200013
1.72899999999992 0.948261538350013
1.72999999999992 0.948096175500013
1.73099999999992 0.947930812650013
1.73199999999992 0.947765449800013
1.73299999999992 0.947600086950013
1.73399999999992 0.947434724100013
1.73499999999992 0.947269361250013
1.73599999999992 0.947103998400013
1.73699999999992 0.946938635550013
1.73799999999992 0.946773272700013
1.73899999999992 0.946607909850013
1.73999999999992 0.946442547000013
1.74099999999992 0.946277219500013
1.74199999999992 0.946111892000013
1.74299999999992 0.945946564500013
1.74399999999992 0.945781237000013
1.74499999999992 0.945615909500014
1.74599999999992 0.945450582000014
1.74699999999992 0.945285254500014
1.74799999999992 0.945119927000014
1.74899999999992 0.944954599500014
1.74999999999992 0.944789272000014
1.75099999999992 0.944623967900014
1.75199999999992 0.944458663800014
1.75299999999992 0.944293359700014
1.75399999999992 0.944128055600014
1.75499999999992 0.943962751500014
1.75599999999992 0.943797447400014
1.75699999999992 0.943632143300014
1.75799999999992 0.943466839200014
1.75899999999992 0.943301535100014
1.75999999999992 0.943136231000014
1.76099999999992 0.942970950200014
1.76199999999992 0.942805669400014
1.76299999999992 0.942640388600014
1.76399999999992 0.942475107800014
1.76499999999992 0.942309827000014
1.76599999999992 0.942144546200014
1.76699999999992 0.941979265400014
1.76799999999992 0.941813984600014
1.76899999999992 0.941648703800014
1.76999999999992 0.941483423000014
1.77099999999992 0.941318165200014
1.77199999999992 0.941152907400014
1.77299999999992 0.940987649600014
1.77399999999992 0.940822391800014
1.77499999999992 0.940657134000014
1.77599999999992 0.940491876200014
1.77699999999992 0.940326618400014
1.77799999999991 0.940161360600014
1.77899999999991 0.939996102800014
1.77999999999991 0.939830845000014
1.78099999999991 0.939665610300014
1.78199999999991 0.939500375600014
1.78299999999991 0.939335140900014
1.78399999999991 0.939169906200014
1.78499999999991 0.939004671500014
1.78599999999991 0.938839436800014
1.78699999999991 0.938674202100014
1.78799999999991 0.938508967400014
1.78899999999991 0.938343732700014
1.78999999999991 0.938178498000014
1.79099999999991 0.938013286200014
1.79199999999991 0.937848074400014
1.79299999999991 0.937682862600014
1.79399999999991 0.937517650800014
1.79499999999991 0.937352439000014
1.79599999999991 0.937187227200014
1.79699999999991 0.937022015400014
1.79799999999991 0.936856803600014
1.79899999999991 0.936691591800014
1.79999999999991 0.936526380000014
