0.36 0.814363145
0.361 0.8251757812
0.362 0.835988417400001
0.363 0.8468010536
0.364 0.857613689800001
0.365 0.868426326
0.366 0.879238962200001
0.367 0.890051598400001
0.368 0.900864234600001
0.369 0.911676870800001
0.37 0.922489507
0.371 0.9260472045
0.372 0.929604902
0.373 0.9331625995
0.374 0.936720297
0.375 0.9402779945
0.376 0.943835692
0.377 0.9473933895
0.378 0.950951087
0.379 0.9545087845
0.38 0.958066482
0.381 0.9599633697
0.382 0.9618602574
0.383 0.9637571451
0.384 0.9656540328
0.385 0.9675509205
0.386 0.9694478082
0.387 0.9713446959
0.388 0.9732415836
0.389 0.9751384713
0.39 0.977035359
0.391 0.9779428527
0.392 0.9788503464
0.393 0.9797578401
0.394 0.9806653338
0.395 0.9815728275
0.396 0.9824803212
0.397 0.9833878149
0.398 0.9842953086
0.399 0.9852028023
0.4 0.986110296
0.401 0.98635385295
0.402 0.9865974099
0.403 0.98684096685
0.404 0.9870845238
0.405 0.98732808075
0.406 0.9875716377
0.407 0.98781519465
0.408 0.9880587516
0.409 0.98830230855
0.41 0.9885458655
0.411 0.98878942245
0.412 0.9890329794
0.413 0.98927653635
0.414 0.9895200933
0.415 0.98976365025
0.416 0.9900072072
0.417 0.99025076415
0.418 0.9904943211
0.419 0.99073787805
0.42 0.990981435
0.421 0.9910219751
0.422 0.9910625152
0.423 0.9911030553
0.424 0.9911435954
0.425 0.9911841355
0.426 0.9912246756
0.427 0.9912652157
0.428 0.9913057558
0.429 0.9913462959
0.43 0.991386836
0.431 0.9914273761
0.432 0.9914679162
0.433 0.9915084563
0.434 0.9915489964
0.435 0.9915895365
0.436 0.9916300766
0.437 0.9916706167
0.438 0.9917111568
0.439 0.9917516969
0.44 0.991792237
0.441 0.99182118665
0.442 0.9918501363
0.443 0.99187908595
0.444 0.9919080356
0.445 0.99193698525
0.446 0.9919659349
0.447 0.99199488455
0.448 0.9920238342
0.449 0.99205278385
0.45 0.9920817335
0.451 0.99211068315
0.452 0.9921396328
0.453 0.99216858245
0.454 0.9921975321
0.455 0.99222648175
0.456 0.9922554314
0.457 0.99228438105
0.458 0.9923133307
0.459 0.99234228035
0.46 0.99237123
0.461 0.99245803265
0.462 0.9925448353
0.463 0.99263163795
0.464 0.9927184406
0.465 0.99280524325
0.466 0.9928920459
0.467 0.99297884855
0.468 0.9930656512
0.469 0.99315245385
0.47 0.9932392565
0.471 0.99332605915
0.472 0.9934128618
0.473 0.99349966445
0.474 0.9935864671
0.475 0.99367326975
0.476 0.9937600724
0.477 0.99384687505
0.478 0.9939336777
0.479 0.99402048035
0.48 0.994107283
0.481 0.994165727325
0.482 0.99422417165
0.483 0.994282615975
0.484 0.9943410603
0.485 0.994399504625
0.486 0.99445794895
0.487 0.994516393275
0.488 0.9945748376
0.489 0.994633281925
0.49 0.99469172625
0.491 0.994750170575
0.492 0.9948086149
0.493 0.994867059225
0.494 0.99492550355
0.495 0.994983947875
0.496 0.9950423922
0.497 0.995100836525
0.498 0.99515928085
0.499 0.995217725175
0.5 0.9952761695
0.501 0.995334613825
0.502 0.99539305815
0.503 0.995451502475
0.504 0.9955099468
0.505 0.995568391125
0.506 0.99562683545
0.507 0.995685279775
0.508 0.9957437241
0.509 0.995802168425
0.51 0.99586061275
0.511 0.995919057075
0.512 0.9959775014
0.513 0.996035945725
0.514 0.99609439005
0.515 0.996152834375
0.516 0.9962112787
0.517 0.996269723025
0.518 0.99632816735
0.519 0.996386611675
0.52 0.996445056
0.521 0.99647520085
0.522 0.9965053457
0.523 0.99653549055
0.524 0.9965656354
0.525 0.99659578025
0.526 0.9966259251
0.527 0.99665606995
0.528 0.9966862148
0.529 0.99671635965
0.53 0.9967465045
0.531 0.99677664935
0.532 0.9968067942
0.533 0.99683693905
0.534 0.9968670839
0.535 0.99689722875
0.536 0.9969273736
0.537 0.99695751845
0.538 0.9969876633
0.539 0.99701780815
0.54 0.997047953
0.541 0.99705699475
0.542 0.9970660365
0.543 0.99707507825
0.544 0.99708412
0.545 0.99709316175
0.546 0.9971022035
0.547 0.99711124525
0.548 0.997120287
0.549 0.99712932875
0.55 0.9971383705
0.551 0.99714741225
0.552 0.997156454
0.553 0.99716549575
0.554 0.9971745375
0.555 0.99718357925
0.556 0.997192621
0.557 0.99720166275
0.558 0.9972107045
0.559 0.99721974625
0.56 0.997228788
0.561 0.9972287878
0.562 0.9972287876
0.563 0.9972287874
0.564 0.9972287872
0.565 0.997228787
0.566 0.9972287868
0.567 0.9972287866
0.568 0.9972287864
0.569 0.9972287862
0.57 0.997228786
0.571 0.9972287858
0.572 0.9972287856
0.573 0.9972287854
0.574 0.9972287852
0.575 0.997228785
0.576 0.9972287848
0.577 0.9972287846
0.578 0.9972287844
0.579 0.9972287842
0.58 0.997228784
0.581 0.99721145265
0.582 0.9971941213
0.583 0.99717678995
0.584 0.9971594586
0.585 0.99714212725
0.586 0.9971247959
0.587 0.99710746455
0.588 0.9970901332
0.589 0.99707280185
0.59 0.9970554705
0.591 0.99703813915
0.592 0.9970208078
0.593 0.99700347645
0.594 0.9969861451
0.595 0.99696881375
0.596 0.9969514824
0.597 0.99693415105
0.598 0.9969168197
0.599 0.99689948835
0.6 0.996882157
0.601 0.996864823
0.602 0.996847489
0.603 0.996830155
0.604 0.996812821
0.605 0.996795487
0.606 0.996778153
0.607 0.996760819
0.608 0.996743485
0.609 0.996726151
0.61 0.996708817
0.611 0.996691483
0.612 0.996674149
0.613 0.996656815
0.614 0.996639481
0.615 0.996622147
0.616 0.996604813
0.617 0.996587479
0.618 0.996570145
0.619 0.996552811
0.62 0.996535477
0.621 0.9965354768
0.622 0.9965354766
0.623 0.9965354764
0.624 0.9965354762
0.625 0.996535476
0.626 0.9965354758
0.627 0.9965354756
0.628 0.9965354754
0.629 0.9965354752
0.63 0.996535475
0.631 0.9965354748
0.632 0.9965354746
0.633 0.9965354744
0.634 0.9965354742
0.635 0.996535474
0.636 0.9965354738
0.637 0.9965354736
0.638 0.9965354734
0.639 0.9965354732
0.64 0.996535473
0.641 0.99653547285
0.642 0.9965354727
0.643 0.99653547255
0.644 0.9965354724
0.645 0.99653547225
0.646 0.9965354721
0.647 0.99653547195
0.648 0.9965354718
0.649 0.99653547165
0.65 0.9965354715
0.651 0.99653547135
0.652 0.9965354712
0.653 0.99653547105
0.654 0.9965354709
0.655 0.99653547075
0.656 0.9965354706
0.657 0.99653547045
0.658 0.9965354703
0.659 0.99653547015
0.66 0.99653547
0.661 0.99657013495
0.662 0.9966047999
0.663 0.99663946485
0.664 0.9966741298
0.665 0.99670879475
0.666 0.9967434597
0.667 0.99677812465
0.668 0.9968127896
0.669 0.99684745455
0.67 0.9968821195
0.671 0.99691678445
0.672 0.9969514494
0.673 0.99698611435
0.674 0.9970207793
0.675 0.99705544425
0.676 0.9970901092
0.677 0.99712477415
0.678 0.9971594391
0.679 0.99719410405
0.68 0.997228769
0.681 0.9972634233
0.682 0.9972980776
0.683 0.9973327319
0.684 0.9973673862
0.685 0.9974020405
0.686 0.9974366948
0.687 0.9974713491
0.688 0.9975060034
0.689 0.9975406577
0.69 0.997575312
0.691 0.9976099663
0.692 0.9976446206
0.693 0.9976792749
0.694 0.9977139292
0.695 0.9977485835
0.696 0.9977832378
0.697 0.9978178921
0.698 0.9978525464
0.699 0.9978872007
0.7 0.997921855
0.701 0.99791800495
0.702 0.9979141549
0.703 0.99791030485
0.704 0.9979064548
0.705 0.99790260475
0.706 0.9978987547
0.707 0.99789490465
0.708 0.9978910546
0.709 0.99788720455
0.71 0.9978833545
0.711 0.99787950445
0.712 0.9978756544
0.713 0.99787180435
0.714 0.9978679543
0.715 0.99786410425
0.716 0.9978602542
0.717 0.99785640415
0.718 0.9978525541
0.719 0.99784870405
0.72 0.997844854
0.721 0.99784100375
0.722 0.9978371535
0.723 0.99783330325
0.724 0.997829453
0.725 0.99782560275
0.726 0.9978217525
0.727 0.99781790225
0.728 0.997814052
0.729 0.99781020175
0.73 0.9978063515
0.731 0.99780250125
0.732 0.997798651
0.733 0.99779480075
0.734 0.9977909505
0.735 0.99778710025
0.736 0.99778325
0.737 0.99777939975
0.738 0.9977755495
0.739 0.99777169925
0.74 0.997767849
0.741 0.99776399875
0.742 0.9977601485
0.743 0.99775629825
0.744 0.997752448
0.745 0.99774859775
0.746 0.9977447475
0.747 0.99774089725
0.748 0.997737047
0.749 0.99773319675
0.75 0.9977293465
0.751 0.99772549625
0.752 0.997721646
0.753 0.99771779575
0.754 0.9977139455
0.755 0.99771009525
0.756 0.997706245
0.757 0.99770239475
0.758 0.9976985445
0.759 0.99769469425
0.76 0.997690844
0.761 0.99768699355
0.762 0.9976831431
0.763 0.99767929265
0.764 0.9976754422
0.765 0.99767159175
0.766 0.9976677413
0.767 0.99766389085
0.768 0.9976600404
0.769 0.99765618995
0.77 0.9976523395
0.771 0.99764848905
0.772 0.9976446386
0.773 0.99764078815
0.774 0.9976369377
0.775 0.99763308725
0.776 0.9976292368
0.777 0.99762538635
0.778 0.9976215359
0.779 0.99761768545
0.78 0.997613835
0.781 0.99760998445
0.782 0.9976061339
0.783 0.99760228335
0.784 0.9975984328
0.785 0.99759458225
0.786 0.9975907317
0.787 0.99758688115
0.788 0.9975830306
0.789 0.99757918005
0.79 0.9975753295
0.791 0.99757147895
0.792 0.9975676284
0.793 0.99756377785
0.794 0.9975599273
0.795 0.99755607675
0.796 0.9975522262
0.797 0.99754837565
0.798 0.9975445251
0.799 0.99754067455
0.8 0.997536824
0.801 0.9975329723
0.802 0.9975291206
0.803 0.9975252689
0.804 0.9975214172
0.805 0.9975175655
0.806 0.9975137138
0.807 0.9975098621
0.808 0.9975060104
0.809 0.9975021587
0.81 0.997498307
0.811 0.9974944563
0.812 0.9974906056
0.813000000000001 0.9974867549
0.814000000000001 0.9974829042
0.815000000000001 0.9974790535
0.816000000000001 0.9974752028
0.817000000000001 0.9974713521
0.818000000000001 0.9974675014
0.819000000000001 0.9974636507
0.820000000000001 0.9974598
0.821000000000001 0.9974559492
0.822000000000001 0.9974520984
0.823000000000001 0.9974482476
0.824000000000001 0.9974443968
0.825000000000001 0.997440546
0.826000000000001 0.9974366952
0.827000000000001 0.9974328444
0.828000000000001 0.9974289936
0.829000000000001 0.9974251428
0.830000000000001 0.997421292
0.831000000000001 0.9974174411
0.832000000000001 0.9974135902
0.833000000000001 0.9974097393
0.834000000000001 0.9974058884
0.835000000000001 0.9974020375
0.836000000000001 0.9973981866
0.837000000000001 0.9973943357
0.838000000000001 0.9973904848
0.839000000000001 0.9973866339
0.840000000000001 0.997382783
0.841000000000001 0.997378932
0.842000000000001 0.997375081
0.843000000000001 0.99737123
0.844000000000001 0.997367379
0.845000000000001 0.997363528
0.846000000000001 0.997359677
0.847000000000001 0.997355826
0.848000000000001 0.997351975
0.849000000000001 0.997348124
