0.36 0.979157596920251
0.361 0.979123363543434
0.362 0.979089126575507
0.363 0.979054886015588
0.364 0.979012108348676
0.365 0.978956522705573
0.366 0.978900927592315
0.367 0.978845323005136
0.368 0.978774269135371
0.369 0.978699338881456
0.37 0.978624391413369
0.371 0.978545983389327
0.372 0.978453779506866
0.373 0.978361549550735
0.374 0.978269293503723
0.375 0.978167913712965
0.376 0.978060435272329
0.377 0.977952921387795
0.378 0.977845372032076
0.379 0.977724598182339
0.38 0.977603779560085
0.381 0.977482916126565
0.382 0.977357535787334
0.383 0.977225396394311
0.384 0.977093203376282
0.385 0.976960956682442
0.386 0.976821162140646
0.387 0.976679433192133
0.388 0.976537642516579
0.389 0.976394274860042
0.39 0.97624478051499
0.391 0.976095217461253
0.392 0.975945585625102
0.393 0.975792354798637
0.394 0.975636697198062
0.395 0.975480965058802
0.396 0.975325158297519
0.397 0.97516492183164
0.398 0.97500460633793
0.399 0.974844211725386
0.4 0.974682800345788
0.401 0.974519901695295
0.402 0.974356921314448
0.403 0.974193859107502
0.404 0.97402941482863
0.405 0.973864562015669
0.406 0.973699625442828
0.407 0.973534522540006
0.408 0.97336900554329
0.409 0.973203404067224
0.41 0.973037718011131
0.411 0.97287238701723
0.412 0.972707265002055
0.413 0.97254205885312
0.414 0.972376768470329
0.415 0.972213148298076
0.416 0.97204944547393
0.417 0.971885659900407
0.418 0.971722868682684
0.419 0.971561612217643
0.42 0.971400275418212
0.421 0.971238858190947
0.422 0.971080200560686
0.423 0.970922175500608
0.424 0.970764073243447
0.425 0.970606741606768
0.426 0.970452726675157
0.427 0.970298638380161
0.428 0.970144476640186
0.429 0.969993175340948
0.43 0.969843760087307
0.431 0.969694275744471
0.432 0.96954472223785
0.433 0.969400515670577
0.434 0.96925624471871
0.435 0.969111909315134
0.436 0.968969879996431
0.437 0.968831345633138
0.438 0.96869275181675
0.439 0.968554098487702
0.44 0.968420415168427
0.441 0.968287934368573
0.442 0.968155399168464
0.443 0.968024135818978
0.444 0.967898126367285
0.445 0.967772067681321
0.446 0.967645959716176
0.447 0.967523914841439
0.448 0.967404566383168
0.449 0.967285173736572
0.45 0.96716573686346
0.451 0.967053346457036
0.452 0.966940916851091
0.453 0.966828448013708
0.454 0.966718819969922
0.455 0.966613476125006
0.456 0.966508097826954
0.457 0.966402685049461
0.458 0.966303044913932
0.459 0.966204826165653
0.46 0.966106577455201
0.461 0.966009715476258
0.462 0.965918492854653
0.463 0.965827244380167
0.464 0.965735970035699
0.465 0.965649059000909
0.466 0.965565051381453
0.467 0.96548102182938
0.468 0.965396970331324
0.469 0.965320199921473
0.47 0.965243411190958
0.471 0.965166604129573
0.472 0.965092688686053
0.473 0.965023122147655
0.474 0.964953540561276
0.475 0.964883943919317
0.476 0.964820064619735
0.477 0.964757605999738
0.478 0.964695135246629
0.479 0.964634068815481
0.48 0.96457865764089
0.481 0.964523236915204
0.482 0.964467806634581
0.483 0.964416542338408
0.484 0.964368053975329
0.485 0.964319558297172
0.486 0.964271055301361
0.487 0.964229352958053
0.488 0.964187645203239
0.489 0.96414593203528
0.49 0.964106886977206
0.491 0.964071847907363
0.492 0.964036805016632
0.493 0.964001758304039
0.494 0.963971900369022
0.495 0.963943337916935
0.496 0.963914772925634
0.497 0.963887451342707
0.498 0.963865111604278
0.499 0.96384277031242
0.5 0.963820427466881
0.501 0.963801313040444
0.502 0.96378435090213
0.503 0.963767387868193
0.504 0.963750423938522
0.505 0.96373930159991
0.506 0.963728178876203
0.507 0.963717055767369
0.508 0.963708197474667
0.509 0.96370273680337
0.51 0.963697276039246
0.511 0.963691815182291
0.512 0.963690718389843
0.513 0.963690712627446
0.514 0.96369070686505
0.515 0.96369175346159
0.516 0.963697009442278
0.517 0.96370226533697
0.518 0.963707521145669
0.519 0.963715809201722
0.52 0.963726118531452
0.521 0.963736427530346
0.522 0.963746736198427
0.523 0.963761877473946
0.524 0.963777018035863
0.525 0.963792157884257
0.526 0.963809158002428
0.527 0.963828948528002
0.528 0.96384873783456
0.529 0.963868525922278
0.53 0.963891846277209
0.531 0.963916048240918
0.532 0.963940248381778
0.533 0.963965291287982
0.534 0.963993710308594
0.535 0.964022126816007
0.536 0.96405054081074
0.537 0.964081377893178
0.538 0.9641138289181
0.539 0.964146276666555
0.54 0.964178721139313
0.541 0.964214954930106
0.542 0.96425118463652
0.543 0.96428741025963
0.544 0.964325093367304
0.545 0.964364964138618
0.546 0.964404829965285
0.547 0.964444690848736
0.548 0.96448729218677
0.549 0.96453057413496
0.55 0.964573850257285
0.551 0.964617770823197
0.552 0.964664286092746
0.553 0.96471079463449
0.554 0.964757296450701
0.555 0.964805625291266
0.556 0.964855169179227
0.557 0.964904705436347
0.558 0.964954234065368
0.559 0.965006644242776
0.56 0.965059045882278
0.561 0.965111438987116
0.562 0.965164901410214
0.563 0.965219971449774
0.564 0.965275032064984
0.565 0.965330083259607
0.566 0.965387146829952
0.567 0.965444705639639
0.568 0.965502254156378
0.569 0.965560269973874
0.57 0.965620185341903
0.571 0.965680089559016
0.572 0.965739982630054
0.573 0.965801180292741
0.574 0.965863243309911
0.575 0.965925294365526
0.576 0.965987333464963
0.577 0.966051399394698
0.578 0.966115452580927
0.579 0.966179493029564
0.58 0.966244280650954
0.581 0.966310194866829
0.582 0.966376095596988
0.583 0.966441982847866
0.584 0.966509264216755
0.585 0.966576883360943
0.586 0.966644488316743
0.587 0.96671240031186
0.588 0.966781582606592
0.589 0.966850750052583
0.59 0.966919902657269
0.591 0.966989911759077
0.592 0.967060486418322
0.593 0.967131045629643
0.594 0.967201589400927
0.595 0.967273471183404
0.596 0.967345336944024
0.597 0.967417186691118
0.598 0.967489500433965
0.599 0.967562517804169
0.6 0.967635518647286
0.601 0.967708502972044
0.602 0.967782340899782
0.603 0.967856379408789
0.604 0.96793040093043
0.605 0.968004597746093
0.606 0.968079546415537
0.607 0.968154477681457
0.608 0.968229391553279
0.609 0.968304797328269
0.61 0.968380524936419
0.611 0.96845623478298
0.612 0.968531926877669
0.613 0.968608351482459
0.614 0.968684758001493
0.615 0.968761146444754
0.616 0.968837772040039
0.617 0.968914762194186
0.618 0.96899173399975
0.619 0.96906868746693
0.62 0.969146053815932
0.621 0.969223509417649
0.622 0.969300946454199
0.623 0.969378450317418
0.624 0.969456277039023
0.625 0.969534085021649
0.626 0.96961187427582
0.627 0.969689866735058
0.628 0.969767988292862
0.629 0.969846090975524
0.63 0.969924174793679
0.631 0.970002482965137
0.632 0.970080772175762
0.633 0.970159042436263
0.634 0.970237373824494
0.635 0.97031580631686
0.636 0.970394219794288
0.637 0.970472614267533
0.638 0.9705510709427
0.639 0.970629528889731
0.64 0.970707967815631
0.641 0.970786391089625
0.642 0.97086480879298
0.643 0.970943207499314
0.644 0.971021587219361
0.645 0.971099915434358
0.646 0.971178203019167
0.647 0.971256471676047
0.648 0.971334721415672
0.649 0.971412827010329
0.65 0.971490913769495
0.651 0.971568981703763
0.652 0.971646963513502
0.653 0.971724825610865
0.654 0.971802668995988
0.655 0.971880493679361
0.656 0.971958097387488
0.657 0.972035631952903
0.658 0.972113147969088
0.659 0.972190586154719
0.66 0.972267768729986
0.661 0.972344932928428
0.662 0.972422078760251
0.663 0.972498985996225
0.664 0.972575728199028
0.665 0.972652452239836
0.666 0.972729158128675
0.667 0.972805435723531
0.668 0.972881695379846
0.669 0.972957937107462
0.67 0.973033979583476
0.671 0.973109732299994
0.672 0.9731854673295
0.673 0.973261184681628
0.674 0.973336476207465
0.675 0.973411648248996
0.676 0.973486802879002
0.677 0.973561832224115
0.678 0.973636412794679
0.679 0.973710976230561
0.68 0.973785522540943
0.681 0.973859685568776
0.682 0.973933587601812
0.683 0.974007472815629
0.684 0.974081341219156
0.685 0.974154581236383
0.686 0.974227804738088
0.687 0.974301011732957
0.688 0.974373923755147
0.689 0.974446401794578
0.69 0.974518863665154
0.691 0.974591309375288
0.692 0.974663203163144
0.693 0.974734947132212
0.694 0.97480667526294
0.695 0.974878239465213
0.696 0.974949195647373
0.697 0.975020136340477
0.698 0.975091061552413
0.699 0.975161051429396
0.7 0.975230413128988
0.701 0.975299760032019
0.702 0.97536909214585
0.703 0.975437012900893
0.704 0.975504919470709
0.705 0.975572811862206
0.706 0.975640363692908
0.707 0.975707412011939
0.708 0.975774446511611
0.709 0.975841467198567
0.71 0.975907787195584
0.711 0.97597392198839
0.712 0.976040043339479
0.713 0.976105979292993
0.714 0.97617121417681
0.715 0.976236435984835
0.716 0.976301644723183
0.717 0.97636630717045
0.718 0.976430601358055
0.719 0.976494882847595
0.72 0.976559151644922
0.721 0.976622504237419
0.722 0.976685844503443
0.723 0.976749172448589
0.724 0.976812120682087
0.725 0.976874505759496
0.726 0.976936878887103
0.727 0.976999240070247
0.728 0.97706084261603
0.729 0.977122246872582
0.73 0.977183639555029
0.731 0.977244831007833
0.732 0.977305252466904
0.733 0.977365662721464
0.734 0.97742606177636
0.735 0.977485871809874
0.736 0.977545285718914
0.737 0.977604688796633
0.738 0.977664081047637
0.739 0.977722512415541
0.74 0.977780933309269
0.741 0.977839343733199
0.742 0.977897352188837
0.743 0.977954763172483
0.744 0.978012164046948
0.745 0.978069554816385
0.746 0.978126151826933
0.747 0.978182543133824
0.748 0.978238924689682
0.749 0.978295100407289
0.75 0.978350482218677
0.751 0.978405854626611
0.752 0.978461217634817
0.753 0.978515965847754
0.754 0.978570301340298
0.755 0.978624627783351
0.756 0.978678945180431
0.757 0.978732271582421
0.758 0.978785589269341
0.759 0.978838898244513
0.76 0.978891794314046
0.761 0.97894407561149
0.762 0.9789963485339
0.763 0.979048613084408
0.764 0.979100082545223
0.765 0.979151347240841
0.766 0.979202603885641
0.767 0.979253647311015
0.768 0.979303862196526
0.769 0.979354069358755
0.77 0.979404268800472
0.771 0.979453877987922
0.772 0.979503091339159
0.773 0.979552297273608
0.774 0.979601495793876
0.775 0.979649659865996
0.776 0.979697816835262
0.777 0.979745966704119
0.778 0.979793720610133
0.779 0.979840884321856
0.78 0.979888041224021
0.781 0.979935191318921
0.782 0.97998151199734
0.783 0.98002762048434
0.784 0.980073722464302
0.785 0.980119623266232
0.786 0.980164739035891
0.787 0.98020984857654
0.788 0.980254951890187
0.789 0.980299448003824
0.79 0.980343537463129
0.791 0.980387620974668
0.792 0.980431698540311
0.793 0.980474795841308
0.794 0.980517887459958
0.795 0.980560973398009
0.796 0.980603658144688
0.797 0.980645744125793
0.798 0.980687824689033
0.799 0.980729899836037
0.8 0.980770900301127
0.801 0.980811628341017
0.802 0.980852351307864
0.803 0.980892851731873
0.804 0.980932477361001
0.805 0.980972098188576
0.806 0.981011714215953
0.807 0.981050756103403
0.808 0.981089413814308
0.809 0.981128066956082
0.81 0.981166715529986
0.811 0.981204396400253
0.812 0.981242072929883
0.813000000000001 0.98127974512004
0.814000000000001 0.981317027533186
0.815000000000001 0.981353727604464
0.816000000000001 0.981390423558743
0.817000000000001 0.9814271153971
0.818000000000001 0.981463065302043
0.819000000000001 0.981498826822367
0.820000000000001 0.981534584434139
0.821000000000001 0.981570150820426
0.822000000000001 0.981604964149624
0.823000000000001 0.981639773775177
0.824000000000001 0.981674579698003
0.825000000000001 0.981708819811727
0.826000000000001 0.981742681643608
0.827000000000001 0.98177653997201
0.828000000000001 0.981810394797779
0.829000000000001 0.981843336727495
0.830000000000001 0.981876275341831
0.831000000000001 0.981909210641564
0.832000000000001 0.981941784296554
0.833000000000001 0.981973817266565
0.834000000000001 0.98200584710204
0.835000000000001 0.982037873803695
0.836000000000001 0.98206915824356
0.837000000000001 0.982100254929177
0.838000000000001 0.98213134866119
0.839000000000001 0.98216226571687
0.840000000000001 0.98219248502431
0.841000000000001 0.982222701542718
0.842000000000001 0.982252915272693
0.843000000000001 0.982282588212584
0.844000000000001 0.982311899827462
0.845000000000001 0.982341208818652
0.846000000000001 0.982370515186699
0.847000000000001 0.982398963682188
0.848000000000001 0.98242740970644
0.849000000000001 0.982455853259958
0.850000000000001 0.982483946595652
0.851000000000001 0.982511515944298
0.852000000000001 0.982539082972345
0.853000000000001 0.982566647680249
0.854000000000001 0.982593536589737
0.855000000000001 0.982620254935863
0.856000000000001 0.982646971102678
0.857000000000001 0.98267351669003
0.858000000000001 0.982699386577729
0.859000000000001 0.982725254422489
0.860000000000001 0.982751120224687
0.861000000000001 0.982776486949492
0.862000000000001 0.982801520378637
0.863000000000001 0.982826551895012
0.864000000000001 0.982851581498957
0.865000000000001 0.982875780738398
0.866000000000001 0.982899978190555
0.867000000000001 0.982924173855733
0.868000000000001 0.982948052889809
0.869000000000001 0.982971457950911
0.870000000000001 0.982994861340272
0.871000000000001 0.983018263058171
0.872000000000001 0.983041022246089
0.873000000000001 0.983063619649599
0.874000000000001 0.983086215494895
0.875000000000001 0.983108649513606
0.876000000000001 0.983130440965227
0.877000000000001 0.983152230967898
0.878000000000001 0.983174019521842
0.879000000000001 0.983195342484471
0.880000000000001 0.983216354651091
0.881000000000001 0.983237365470654
0.882000000000001 0.983258374943361
0.883000000000001 0.983278623141497
0.884000000000001 0.983298870088826
0.885000000000001 0.983319115785526
0.886000000000001 0.983339061785076
0.887000000000001 0.983358558927623
0.888000000000001 0.983378054910524
0.889000000000001 0.983397549733939
0.890000000000001 0.9834164463569
0.891000000000001 0.983435192638763
0.892000000000001 0.98345393784866
0.893000000000001 0.983472535492977
0.894000000000001 0.983490546139853
0.895000000000001 0.983508555797298
0.896000000000001 0.983526564465438
0.897000000000001 0.983544140927305
0.898000000000001 0.983561428983954
0.899000000000001 0.983578716129033
0.900000000000001 0.983596002362657
0.901000000000001 0.98361256881614
0.902000000000001 0.983629134432606
0.903000000000001 0.983645699212153
0.904000000000001 0.983661986683918
0.905000000000001 0.983677858660375
0.906000000000001 0.98369372986857
0.907000000000001 0.98370960030859
0.908000000000001 0.983724928170108
0.909000000000001 0.983740119868756
0.910000000000001 0.98375531086363
0.911000000000001 0.983770360108422
0.912000000000001 0.983784844502343
0.913000000000001 0.983799328256525
0.914000000000001 0.983813811371034
0.915000000000001 0.983827912317555
0.916000000000001 0.98384175831622
0.917000000000001 0.983855603730329
0.918000000000001 0.98386944855994
0.919000000000001 0.983882615303621
0.920000000000001 0.983895781518713
0.921000000000001 0.983908947205268
0.922000000000001 0.983921863514798
0.923000000000001 0.983934406057219
0.924000000000001 0.983946948120006
0.925000000000001 0.983959489703202
0.926000000000001 0.983971510879092
0.927000000000001 0.983983401637106
0.928000000000001 0.98399529196406
0.929000000000001 0.984007057399506
0.930000000000001 0.984018324588381
0.931000000000001 0.984029591390235
0.932000000000001 0.984040857805099
0.933000000000001 0.984051767202294
0.934000000000001 0.984062438490552
0.935000000000001 0.98407310943166
0.936000000000001 0.984083780025644
0.937000000000001 0.984093827973225
0.938000000000001 0.984103875613035
0.939000000000001 0.984113922945098
0.940000000000001 0.984123732096464
0.941000000000001 0.984133184155412
0.942000000000001 0.984142635942022
0.943000000000001 0.984152087456313
0.944000000000001 0.984161085299921
0.945000000000001 0.98416996955016
0.946000000000001 0.984178853559806
0.947000000000001 0.984187621156995
0.948000000000001 0.984195923844358
0.949000000000001 0.9842042263216
0.950000000000001 0.984212528588736
0.951000000000001 0.984220507185421
0.952000000000001 0.984228269952905
0.953000000000001 0.984236032536714
0.954000000000001 0.984243794936859
0.955000000000001 0.984250990143486
0.956000000000001 0.984258185192318
0.957000000000001 0.984265380083363
0.958000000000001 0.984272359189328
0.959000000000001 0.984279014712498
0.960000000000001 0.984285670100661
0.961000000000001 0.984292325353822
0.962000000000001 0.984298560164503
0.963000000000001 0.984304689781748
0.964000000000001 0.984310819284481
0.965000000000001 0.984316843599339
0.966000000000001 0.984322447517493
0.967000000000001 0.984328051339936
0.968000000000001 0.984333655066672
0.969000000000001 0.984338951781317
0.970000000000001 0.984344043802677
0.971000000000001 0.984349135745015
0.972000000000001 0.984354227608334
0.973000000000001 0.984358835676159
0.974000000000001 0.98436344367927
0.975000000000001 0.984368051617668
0.976000000000001 0.984372454904962
0.977000000000001 0.984376551257451
0.978000000000001 0.984380647558803
0.979000000000001 0.984384743809016
0.980000000000001 0.984388452955781
0.981000000000001 0.984392065298561
0.982000000000001 0.984395677601575
0.983000000000001 0.984399198663906
0.984000000000001 0.984402354888455
0.985000000000001 0.984405511082645
0.986000000000001 0.984408667246477
0.987000000000001 0.984411541518389
0.988000000000001 0.984414227858926
0.989000000000001 0.984416914177472
0.990000000000001 0.984419600474026
0.991000000000001 0.984421830489791
0.992000000000001 0.984424060490402
0.993000000000001 0.984426290475858
0.994000000000001 0.984428343682171
0.995000000000001 0.984430131731133
0.996000000000001 0.984431919770352
0.997000000000001 0.984433707799829
0.998000000000001 0.984435097610389
0.999000000000001 0.984436387863115
1.0 0.984437678110768
1.001 0.984438846586263
1.002 0.984439527990539
1.003 0.984440209393399
1.004 0.984440890794845
1.005 0.984441323589456
1.006 0.984441590646663
1.007 0.984441857703653
1.008 0.984442124760425
1.009 0.984441977523465
1.01 0.984441830286439
1.011 0.984441683049347
1.012 0.984441381156006
1.013 0.984440847277763
1.014 0.984440313398651
1.015 0.984439779518671
1.016 0.984438925182335
1.017 0.984437990729646
1.018 0.984437056274296
1.019 0.984436044543425
1.02 0.984434723716859
1.021 0.984433402884977
1.022 0.984432082047778
1.023 0.984430537484762
1.024 0.984428843766689
1.025 0.984427150039873
1.026 0.984425456304316
1.027 0.984423403898012
1.028 0.984421351478871
1.029 0.984419299046892
1.03 0.984417097495459
1.031 0.984414672267703
1.032 0.984412247022022
1.033 0.984409821758416
1.034 0.984407131709412
1.035 0.984404375445911
1.036 0.984401619159258
1.037 0.984398788316774
1.038 0.984395659316413
1.039 0.984392530286214
1.04 0.984389401226177
1.041 0.984386090181488
1.042 0.984382657798899
1.043 0.984379225380404
1.044 0.984375792926004
1.045 0.984372015650322
1.046 0.984368238331156
1.047 0.984364460968505
1.048 0.984360556708356
1.049 0.984356462118373
1.05 0.984352367477293
1.051 0.984348272785116
1.05199999999999 0.984343913335841
1.05299999999999 0.984339487651234
1.05399999999999 0.98433506190693
1.05499999999999 0.984330578215532
1.05599999999999 0.984325862910008
1.05699999999999 0.984321147536718
1.05799999999999 0.984316432095661
1.05899999999999 0.984311534785903
1.05999999999999 0.98430651620056
1.06099999999999 0.984301497538453
1.06199999999999 0.984296478799579
1.06299999999999 0.984291156662196
1.06399999999999 0.98428583443848
1.06499999999999 0.984280512128428
1.06599999999999 0.984275079609858
1.06699999999999 0.984269481815261
1.06799999999999 0.984263883925155
1.06899999999999 0.984258285939535
1.06999999999999 0.984252467651951
1.07099999999999 0.984246594208571
1.07199999999999 0.984240720660041
1.07299999999999 0.984234789131636
1.07399999999999 0.984228625992818
1.07499999999999 0.984222462738219
1.07599999999999 0.984216299367834
1.07699999999999 0.984209987341804
1.07799999999999 0.984203576165816
1.07899999999999 0.984197164864536
1.07999999999999 0.98419075343796
1.08099999999999 0.984184066586701
1.08199999999999 0.984177379599141
1.08299999999999 0.984170692475275
1.08399999999999 0.984163906152465
1.08499999999999 0.98415697109219
1.08599999999999 0.984150035885305
1.08699999999999 0.984143100531802
1.08799999999999 0.984135967091835
1.08899999999999 0.984128784010692
1.08999999999999 0.98412160077226
1.09099999999999 0.984114367864061
1.09199999999999 0.984106936742068
1.09299999999999 0.98409950545173
1.09399999999999 0.984092073993039
1.09499999999999 0.984084510521347
1.09599999999999 0.984076858976774
1.09699999999999 0.984069207253716
1.09799999999999 0.984061555352164
1.09899999999999 0.984053669589163
1.09999999999999 0.984045783636578
1.10099999999999 0.984037897494399
1.10199999999999 0.984029917708873
1.10299999999999 0.984021797545136
1.10399999999999 0.984013677180371
1.10499999999999 0.984005556614566
1.10599999999999 0.983997271196076
1.10699999999999 0.983988944404326
1.10799999999999 0.98398061740118
1.10899999999999 0.983972243477343
1.10999999999999 0.983963682497743
1.11099999999999 0.983955121294683
1.11199999999999 0.983946559868148
1.11299999999999 0.983937882945362
1.11399999999999 0.983929128942452
1.11499999999999 0.983920374705882
1.11599999999999 0.983911620235639
1.11699999999999 0.983902659841997
1.11799999999999 0.983893699203541
1.11899999999999 0.983884738320256
1.11999999999999 0.983875694858718
1.12099999999999 0.983866527644241
1.12199999999999 0.98385736017351
1.12299999999999 0.983848192446507
1.12399999999999 0.983838882049066
1.12499999999999 0.983829535782737
1.12599999999999 0.983820189250036
1.12699999999999 0.983810804058862
1.12799999999999 0.98380126502632
1.12899999999999 0.983791725716296
1.12999999999999 0.983782186128771
1.13099999999999 0.983772539499341
1.13199999999999 0.983762821407754
1.13299999999999 0.983753103028159
1.13399999999999 0.983743384360535
1.13499999999999 0.983733473516394
1.13599999999999 0.983723562372696
1.13699999999999 0.983713650929421
1.13799999999999 0.983703673483431
1.13899999999999 0.983693597176137
1.13999999999999 0.983683520559189
1.14099999999999 0.983673443632564
1.14199999999999 0.983663235166794
1.14299999999998 0.983652993574792
1.14399999999998 0.98364275166288
1.14499999999998 0.983632476631145
1.14599999999998 0.983622070073695
1.14699999999998 0.983611663185935
1.14799999999998 0.983601255967841
1.14899999999998 0.983590758202464
1.14999999999998 0.983580199954396
1.15099999999998 0.983569641366304
1.15199999999998 0.983559082438163
1.15299999999998 0.983548359044449
1.15399999999998 0.98353763529998
1.15499999999998 0.983526911204729
1.15599999999998 0.983516126716473
1.15699999999998 0.983505251807164
1.15799999999998 0.983494376537102
1.15899999999998 0.983483500906258
1.15999999999998 0.983472526924541
1.16099999999998 0.983461528077114
1.16199999999998 0.983450528860648
1.16299999999998 0.983439493673146
1.16399999999998 0.983428315701448
1.16499999999998 0.983417137348579
1.16599999999998 0.98340595861451
1.16699999999998 0.983394714434925
1.16799999999998 0.983383426491941
1.16899999999998 0.983372138160233
1.16999999999998 0.983360849439767
1.17099999999998 0.983349423947736
1.17199999999998 0.983337998057435
1.17299999999998 0.98332657176883
1.17399999999998 0.983315085024038
1.17499999999998 0.983303507786724
1.17599999999998 0.983291930140471
1.17699999999998 0.983280352085245
1.17799999999998 0.983268697821983
1.17899999999998 0.983257024193873
1.17999999999998 0.983245350149965
1.18099999999998 0.983233645671976
1.18199999999998 0.983221820698659
1.18299999999998 0.983209995298679
1.18399999999998 0.983198169472
1.18499999999998 0.98318628640151
1.18599999999998 0.983174365020708
1.18699999999998 0.983162443206236
1.18799999999998 0.983150520958058
1.18899999999998 0.983138475823515
1.18999999999998 0.983126430246235
1.19099999999998 0.983114384226181
1.19199999999998 0.983102294386114
1.19299999999998 0.983090139031791
1.19399999999998 0.983077983226569
1.19499999999998 0.983065826970409
1.19599999999998 0.983053594562203
1.19699999999998 0.983041342771369
1.19799999999998 0.983029090522431
1.19899999999998 0.983016816098536
1.19999999999998 0.983004454344314
1.20099999999998 0.982992092123711
1.20199999999998 0.982979729436683
1.20299999999998 0.982967301146155
1.20399999999998 0.982954828957848
1.20499999999998 0.982942356294764
1.20599999999998 0.982929883156861
1.20699999999998 0.982917314984108
1.20799999999998 0.982904746329223
1.20899999999998 0.982892177192165
1.20999999999998 0.982879569684498
1.21099999999998 0.982866904856878
1.21199999999998 0.982854239539657
1.21299999999998 0.982841573732792
1.21399999999998 0.982828842858042
1.21499999999998 0.982816095343374
1.21599999999998 0.982803347332666
1.21699999999998 0.982790579889318
1.21799999999998 0.982777736199181
1.21899999999998 0.98276489200547
1.21999999999998 0.982752047308141
1.22099999999998 0.982739153696058
1.22199999999998 0.982726227301128
1.22299999999998 0.982713300396091
1.22399999999998 0.9827003729809
1.22499999999998 0.982687364204545
1.22599999999998 0.982674354911541
1.22699999999998 0.982661345101839
1.22799999999998 0.98264830803389
1.22899999999998 0.98263523033317
1.22999999999998 0.982622152110283
1.23099999999998 0.982609073365182
1.23199999999998 0.982595918404129
1.23299999999998 0.982582743990517
1.23399999999997 0.982569569046958
1.23499999999997 0.982556382969074
1.23599999999997 0.982543153941265
1.23699999999997 0.982529924379086
1.23799999999997 0.982516694282485
1.23899999999997 0.982503415178721
1.23999999999997 0.982490103220068
1.24099999999997 0.982476790720295
1.24199999999997 0.982463477679349
1.24299999999997 0.982450111101189
1.24399999999997 0.982436743977436
1.24499999999997 0.982423376308038
1.24599999999997 0.982409975789006
1.24699999999997 0.98239652626369
1.24799999999997 0.982383076185958
1.24899999999997 0.982369625555758
1.24999999999997 0.982356143037672
1.25099999999997 0.982342652130271
1.25199999999997 0.982329160667018
1.25299999999997 0.982315652500765
1.25399999999997 0.982302079186163
1.25499999999997 0.982288505308876
1.25599999999997 0.982274930868848
1.25699999999997 0.982261323994035
1.25799999999997 0.982247695304846
1.25899999999997 0.98223406604834
1.25999999999997 0.982220436224461
1.26099999999997 0.982206780673976
1.26199999999997 0.982193124553911
1.26299999999997 0.98217946786421
1.26399999999997 0.982165778252285
1.26499999999997 0.982152039537076
1.26599999999997 0.982138300245295
1.26699999999997 0.982124560376887
1.26799999999997 0.982110788640929
1.26899999999997 0.982097008502556
1.26999999999997 0.982083227784096
1.27099999999997 0.982069435869413
1.27199999999997 0.982055600907524
1.27299999999997 0.982041765360899
1.27399999999997 0.98202792922948
1.27499999999997 0.982014077335997
1.27599999999997 0.98200021473775
1.27699999999997 0.981986351552396
1.27799999999997 0.981972487779877
1.27899999999997 0.981958570351745
1.27999999999997 0.981944652331828
1.28099999999997 0.981930733720066
1.28199999999997 0.981916798883191
1.28299999999997 0.981902840002208
1.28399999999997 0.981888880525874
1.28499999999997 0.981874920454131
1.28599999999997 0.9818609283881
1.28699999999997 0.981846927873818
1.28799999999997 0.981832926760594
1.28899999999997 0.981818919994848
1.28999999999997 0.981804892414654
1.29099999999997 0.981790864233176
1.29199999999997 0.981776835450352
1.29299999999997 0.981762782523574
1.29399999999997 0.981748713297604
1.29499999999997 0.981734643466738
1.29599999999997 0.981720573030916
1.29699999999997 0.981706462759588
1.29799999999997 0.981692351879804
1.29899999999997 0.981678240391503
1.29999999999997 0.981664118194392
1.30099999999997 0.981649980236771
1.30199999999997 0.981635841668268
1.30299999999997 0.981621702488823
1.30399999999997 0.981607542365699
1.30499999999997 0.981593376546361
1.30599999999997 0.981579210113697
1.30699999999997 0.981565038018784
1.30799999999997 0.981550845113664
1.30899999999997 0.981536651592843
1.30999999999997 0.981522457456259
1.31099999999997 0.981508247458917
1.31199999999997 0.981494026680634
1.31299999999997 0.981479805284192
1.31399999999997 0.981465583269531
1.31499999999997 0.981451335232333
1.31599999999997 0.981437086574579
1.31699999999997 0.981422837296205
1.31799999999997 0.981408582825194
1.31899999999997 0.981394320874808
1.31999999999997 0.981380058302618
1.32099999999997 0.981365795108558
1.32199999999997 0.981351510972248
1.32299999999997 0.981337221131868
1.32399999999996 0.981322930667211
1.32499999999996 0.981308640053963
1.32599999999996 0.981294350719426
1.32699999999996 0.98128006076063
1.32799999999996 0.981265770177511
1.32899999999996 0.981251455446065
1.32999999999996 0.981237124404797
1.33099999999996 0.981222792735585
1.33199999999996 0.981208460438362
1.33299999999996 0.981194115927176
1.33399999999996 0.981179770786836
1.33499999999996 0.981165425017278
1.33599999999996 0.981151079571586
1.33699999999996 0.981136734926418
1.33799999999996 0.981122389652047
1.33899999999996 0.98110804374841
1.33999999999996 0.981093687944333
1.34099999999996 0.981079329192169
1.34199999999996 0.981064969809526
1.34299999999996 0.981050604717314
1.34399999999996 0.981036218677041
1.34499999999996 0.981021832003865
1.34599999999996 0.98100744469772
1.34699999999996 0.980993058188452
1.34799999999996 0.980978671999529
1.34899999999996 0.980964285177651
1.34999999999996 0.980949897722754
1.35099999999996 0.980935511856008
1.35199999999996 0.980921125356308
1.35299999999996 0.980906738223589
1.35399999999996 0.980892345884443
1.35499999999996 0.980877946051429
1.35599999999996 0.980863545584194
1.35699999999996 0.980849144482673
1.35799999999996 0.980834733349515
1.35899999999996 0.980820319231687
1.35999999999996 0.980805904478343
1.36099999999996 0.980791489564728
1.36199999999996 0.980777075916841
1.36299999999996 0.980762661633449
1.36399999999996 0.98074824671449
1.36499999999996 0.980733840869126
1.36599999999996 0.980719440862024
1.36699999999996 0.980705040220583
1.36799999999996 0.980690638944739
1.36899999999996 0.980676211469606
1.36999999999996 0.980661783357685
1.37099999999996 0.980647354608909
1.37199999999996 0.980632931695246
1.37299999999996 0.980618517853647
1.37399999999996 0.980604103376424
1.37499999999996 0.980589688263513
1.37599999999996 0.980575274403562
1.37699999999996 0.980560860380156
1.37799999999996 0.980546445721074
1.37899999999996 0.980532030837076
1.37999999999996 0.980517616960684
1.38099999999996 0.980503202448601
1.38199999999996 0.980488787300761
1.38299999999996 0.980474372929841
1.38399999999996 0.980459958865028
1.38499999999996 0.980445544164469
1.38599999999996 0.980431128828099
1.38699999999996 0.980416728869155
1.38799999999996 0.980402328275681
1.38899999999996 0.980387927047611
1.38999999999996 0.980373526122058
1.39099999999996 0.980359125967689
1.39199999999996 0.980344725178735
1.39299999999996 0.980330323755132
1.39399999999996 0.980315923331053
1.39499999999996 0.980301522680917
1.39599999999996 0.980287121396115
1.39699999999996 0.980272722706606
1.39799999999996 0.980258336303253
1.39899999999996 0.980243949266461
1.39999999999996 0.980229561596166
1.40099999999996 0.980215174601566
1.40199999999996 0.980200787846328
1.40299999999996 0.980186400457583
1.40399999999996 0.980172012435267
1.40499999999996 0.980157653734045
1.40599999999996 0.980143294401757
1.40699999999996 0.980128934438338
1.40799999999996 0.980114580237109
1.40899999999996 0.980100234995678
1.40999999999996 0.980085889124327
1.41099999999996 0.980071542622992
1.41199999999996 0.98005719722167
1.41299999999996 0.980042851622922
1.41399999999996 0.980028505394186
1.41499999999995 0.980014158967417
1.41599999999995 0.979999813638732
1.41699999999995 0.979985467680054
1.41799999999995 0.97997112109132
1.41899999999995 0.979956791746731
1.41999999999995 0.979942473690225
1.42099999999995 0.979928155006084
1.42199999999995 0.979913835694242
1.42299999999995 0.979899531860869
1.42399999999995 0.979885227401078
1.42499999999995 0.979870922314807
1.42599999999995 0.979856622985042
1.42699999999995 0.979842332604226
1.42799999999995 0.979828041598133
1.42899999999995 0.979813749966701
1.42999999999995 0.979799470471775
1.43099999999995 0.979785193543114
1.43199999999995 0.979770915990318
1.43299999999995 0.979756641002612
1.43399999999995 0.979742378148636
1.43499999999995 0.979728114671727
1.43599999999995 0.979713850571823
1.43699999999995 0.979699595413581
1.43799999999995 0.979685346009812
1.43899999999995 0.979671095984248
1.43999999999995 0.979656845336826
1.44099999999995 0.979642623959251
1.44199999999995 0.979628401962299
1.44299999999995 0.979614179345905
1.44399999999995 0.979599968007616
1.44499999999995 0.979585773897985
1.44599999999995 0.979571579171314
1.44699999999995 0.979557383827539
1.44799999999995 0.979543200599464
1.44899999999995 0.979529019938623
1.44999999999995 0.979514838661873
1.45099999999995 0.979500659951185
1.45199999999995 0.979486493353424
1.45299999999995 0.979472326140949
1.45399999999995 0.979458158313699
1.45499999999995 0.97944399941457
1.45599999999995 0.97942984626362
1.45699999999995 0.979415692499087
1.45799999999995 0.979401538120909
1.45899999999995 0.9793874268037
1.45999999999995 0.979373314876503
1.46099999999995 0.979359202339259
1.46199999999995 0.979345101074515
1.46299999999995 0.979331017025315
1.46399999999995 0.979316932368447
1.46499999999995 0.979302847103852
1.46599999999995 0.979288762770524
1.46699999999995 0.979274678214259
1.46799999999995 0.979260593050248
1.46899999999995 0.979246513243964
1.46999999999995 0.979232456693485
1.47099999999995 0.979218399537649
1.47199999999995 0.979204341776396
1.47299999999995 0.979190309516273
1.47399999999995 0.979176294058012
1.47499999999995 0.979162277997893
1.47599999999995 0.979148261335857
1.47699999999995 0.979134260053189
1.47799999999995 0.979120258169855
1.47899999999995 0.979106255685794
1.47999999999995 0.979092264417805
1.48099999999995 0.979078290276029
1.48199999999995 0.97906431553588
1.48299999999995 0.979050340197297
1.48399999999995 0.97903639915112
1.48499999999995 0.979022466232473
1.48599999999995 0.979008532718942
1.48699999999995 0.978994598985423
1.48799999999995 0.978980666156809
1.48899999999995 0.978966732733295
1.48999999999995 0.978952798714821
1.49099999999995 0.978938890260703
1.49199999999995 0.978924998654064
1.49299999999995 0.978911106456007
1.49399999999995 0.978897213666471
1.49499999999995 0.978883349921815
1.49599999999995 0.978869485588085
1.49699999999995 0.978855620665222
1.49799999999995 0.97884177253439
1.49899999999995 0.978827949888723
1.49999999999995 0.978814126657437
1.50099999999995 0.978800302840473
1.50199999999995 0.978786479910854
1.50299999999995 0.978772656763852
1.50399999999995 0.978758833031154
1.50499999999995 0.978745020214817
1.50599999999994 0.978731252824045
1.50699999999994 0.978717484852268
1.50799999999994 0.978703716299429
1.50899999999994 0.978689956555533
1.50999999999994 0.978676202491559
1.51099999999994 0.978662447847672
1.51199999999994 0.978648692623815
1.51299999999994 0.978634980242543
1.51399999999994 0.978621267284844
1.51499999999994 0.978607553750662
1.51599999999994 0.978593845941724
1.51699999999994 0.978580147009793
1.51799999999994 0.978566447502533
1.51899999999994 0.978552747419887
1.51999999999994 0.978539092643978
1.52099999999994 0.978525448767442
1.52199999999994 0.97851180432016
1.52299999999994 0.978498165190861
1.52399999999994 0.978484549047318
1.52499999999994 0.978470932335322
1.52599999999994 0.978457315054819
1.52699999999994 0.978443706640911
1.52799999999994 0.978430103949538
1.52899999999994 0.978416500690805
1.52999999999994 0.978402896864656
1.53099999999994 0.978389349796254
1.53199999999994 0.978375802165098
1.53299999999994 0.978362253971134
1.53399999999994 0.978348711449814
1.53499999999994 0.978335177719741
1.53599999999994 0.978321643427992
1.53699999999994 0.978308108574511
1.53799999999994 0.978294607938686
1.53899999999994 0.978281115439125
1.53999999999994 0.978267622381273
1.54099999999994 0.978254137434536
1.54199999999994 0.978240686609387
1.54299999999994 0.978227235229369
1.54399999999994 0.978213783294427
1.54499999999994 0.978200348440951
1.54599999999994 0.978186924792011
1.54699999999994 0.978173500590412
1.54799999999994 0.978160075836098
1.54899999999994 0.978146693971486
1.54999999999994 0.978133311557625
1.55099999999994 0.978119928594464
1.55199999999994 0.97810655687629
1.55299999999994 0.978093202301914
1.55399999999994 0.978079847180498
1.55499999999994 0.97806649151199
1.55599999999994 0.978053158791878
1.55699999999994 0.978039831400619
1.55799999999994 0.978026503464516
1.55899999999994 0.978013183665977
1.55999999999994 0.977999898054466
1.56099999999994 0.977986611901499
1.56199999999994 0.977973325207024
1.56299999999994 0.977960063882218
1.56399999999994 0.977946819292767
1.56499999999994 0.977933574165169
1.56599999999994 0.977920328499373
1.56699999999994 0.977907111851359
1.56799999999994 0.977893894667444
1.56899999999994 0.977880676947579
1.56999999999994 0.977867481535044
1.57099999999994 0.977854319854688
1.57199999999994 0.977841157642853
1.57299999999994 0.977827994899486
1.57399999999994 0.977814844013197
1.57499999999994 0.977801695693566
1.57599999999994 0.977788546843505
1.57699999999994 0.977775408902149
1.57799999999994 0.97776231618977
1.57899999999994 0.977749222951417
1.57999999999994 0.977736129187039
1.58099999999994 0.977723044177117
1.58199999999994 0.977709964829084
1.58299999999994 0.977696884956122
1.58399999999994 0.977683804558182
1.58499999999994 0.977670780814002
1.58599999999994 0.977657756549327
1.58699999999994 0.977644731764106
1.58799999999994 0.977631718172709
1.58899999999994 0.977618721633934
1.58999999999994 0.977605724576808
1.59099999999994 0.977592727001281
1.59199999999994 0.977579774632375
1.59299999999994 0.977566833180334
1.59399999999994 0.9775538912143
1.59499999999994 0.977540954587348
1.59599999999994 0.977528040860196
1.59699999999993 0.97751512662123
1.59799999999993 0.977502211870402
1.59899999999993 0.977489314223286
1.59999999999993 0.977476427809822
1.60099999999993 0.977463540886679
1.60199999999993 0.977450653453811
1.60299999999993 0.977437822638308
1.60399999999993 0.977424991317494
1.60499999999993 0.977412159491325
1.60599999999993 0.977399344390841
1.60699999999993 0.977386554633913
1.60799999999993 0.977373764374877
1.60899999999993 0.977360973613688
1.60999999999993 0.977348205811951
1.61099999999993 0.977335443375451
1.61199999999993 0.97732268043896
1.61299999999993 0.97730992563408
1.61399999999993 0.977297204857729
1.61499999999993 0.977284483584627
1.61599999999993 0.977271761814729
1.61699999999993 0.97725906543714
1.61799999999993 0.97724638582479
1.61899999999993 0.977233705718873
1.61999999999993 0.977221025119344
1.62099999999993 0.977208359389997
1.62199999999993 0.977195693168144
1.62299999999993 0.977183026453741
1.62399999999993 0.977170387610728
1.62499999999993 0.977157790824903
1.62599999999993 0.977145193551895
1.62699999999993 0.977132595791659
1.62799999999993 0.977120032038678
1.62899999999993 0.97710747642501
1.62999999999993 0.977094920327312
1.63099999999993 0.977082369580423
1.63199999999993 0.977069841690288
1.63299999999993 0.977057313318241
1.63399999999993 0.977044784464239
1.63499999999993 0.977032289348972
1.63599999999993 0.977019816568991
1.63699999999993 0.977007343311302
1.63799999999993 0.976994869575865
1.63899999999993 0.97698241067551
1.63999999999993 0.976969951298492
1.64099999999993 0.97695749144477
1.64199999999993 0.976945053885383
1.64299999999993 0.976932650008873
1.64399999999993 0.976920245659877
1.64499999999993 0.976907840838354
1.64599999999993 0.976895470002048
1.64699999999993 0.976883107310525
1.64799999999993 0.976870744149627
1.64899999999993 0.976858389131555
1.64999999999993 0.976846068094963
1.65099999999993 0.976833746592134
1.65199999999993 0.976821424623028
1.65299999999993 0.976809128018735
1.65399999999993 0.976796848171439
1.65499999999993 0.976784567860996
1.65599999999993 0.976772287087365
1.65699999999993 0.976760034962992
1.65799999999993 0.976747782377542
1.65899999999993 0.976735529330977
1.65999999999993 0.976723304147598
1.66099999999993 0.976711120993259
1.66199999999993 0.976698937382998
1.66299999999993 0.976686753316775
1.66399999999993 0.976674580990183
1.66499999999993 0.976662411257483
1.66599999999993 0.976650241069843
1.66699999999993 0.976638079030461
1.66799999999993 0.976625950950942
1.66899999999993 0.976613822419575
1.66999999999993 0.976601693436319
1.67099999999993 0.976589598113278
1.67199999999993 0.976577525083081
1.67299999999993 0.976565451605105
1.67399999999993 0.976553377679311
1.67499999999993 0.976541346300633
1.67599999999993 0.976529314477244
1.67699999999993 0.976517282209107
1.67799999999993 0.976505266689887
1.67899999999993 0.976493276518621
1.67999999999993 0.976481285905663
1.68099999999993 0.976469294850976
1.68199999999993 0.976457326592968
1.68299999999993 0.976445363704689
1.68399999999993 0.976433400376706
1.68499999999993 0.97642144520279
1.68599999999993 0.976409523966223
1.68699999999993 0.976397602292992
1.68799999999992 0.976385680183059
1.68899999999992 0.976373791768122
1.68999999999992 0.976361925674224
1.69099999999992 0.97635005914767
1.69199999999992 0.976338192188425
1.69299999999992 0.976326367666232
1.69399999999992 0.976314542714394
1.69499999999992 0.976302717332876
1.69599999999992 0.976290903126587
1.69699999999992 0.976279105899439
1.69799999999992 0.976267308244607
1.69899999999992 0.976255510162056
1.69999999999992 0.976243757138378
1.70099999999992 0.976232015062266
1.70199999999992 0.97622027256244
1.70299999999992 0.976208535437643
1.70399999999992 0.976196821085431
1.70499999999992 0.976185106311488
1.70599999999992 0.976173391115778
1.70699999999992 0.976161701246575
1.70799999999992 0.976150028123542
1.70899999999992 0.976138354581721
1.70999999999992 0.976126680621077
1.71099999999992 0.976115062997868
1.71199999999992 0.97610344495983
1.71299999999992 0.976091826506927
1.71399999999992 0.976080224795885
1.71499999999992 0.976068648407191
1.71599999999992 0.976057071606587
1.71699999999992 0.976045494394038
1.71799999999992 0.97603393993753
1.71899999999992 0.976022390862867
1.71999999999992 0.976010841378216
1.72099999999992 0.975999302843471
1.72199999999992 0.975987809340801
1.72299999999992 0.975976315432065
1.72399999999992 0.975964821117229
1.72499999999992 0.975953352073057
1.72599999999992 0.975941899742998
1.72699999999992 0.975930447009758
1.72799999999992 0.975918993873304
1.72899999999992 0.975907569268689
1.72999999999992 0.975896144262829
1.73099999999992 0.97588471885569
1.73199999999992 0.975873315756283
1.73299999999992 0.97586194632188
1.73399999999992 0.975850576490079
1.73499999999992 0.975839206260848
1.73599999999992 0.975827858767921
1.73699999999992 0.975816516662759
1.73799999999992 0.975805174162087
1.73899999999992 0.975793842603211
1.73999999999992 0.975782556000471
1.74099999999992 0.97577126900607
1.74199999999992 0.975759981619977
1.74299999999992 0.975748719534956
1.74399999999992 0.975737474189083
1.74499999999992 0.97572622845439
1.74599999999992 0.975714982330845
1.74699999999992 0.975703778631225
1.74799999999992 0.975692574545645
1.74899999999992 0.975681370074076
1.74999999999992 0.975670176769867
1.75099999999992 0.975659000411071
1.75199999999992 0.975647823668179
1.75299999999992 0.975636646541161
1.75399999999992 0.975625514353672
1.75499999999992 0.975614393116414
1.75599999999992 0.975603271498822
1.75699999999992 0.975592158058084
1.75799999999992 0.975581078467574
1.75899999999992 0.975569998499561
1.75999999999992 0.975558918154015
1.76099999999992 0.975547854746524
1.76199999999992 0.975536802506756
1.76299999999992 0.975525749891331
1.76399999999992 0.975514696900217
1.76499999999992 0.975503700164159
1.76599999999992 0.975492703056193
1.76699999999992 0.975481705576291
1.76799999999992 0.975470724828872
1.76899999999992 0.975459769368152
1.76999999999992 0.975448813538295
1.77099999999992 0.975437857339271
1.77199999999992 0.975426934973312
1.77299999999992 0.975416020791281
1.77399999999992 0.975405106242873
1.77499999999992 0.975394197093359
1.77599999999992 0.975383310639772
1.77699999999992 0.975372423821655
1.77799999999991 0.975361536638979
1.77899999999991 0.975350683050299
1.77999999999991 0.975339851739085
1.78099999999991 0.975329020067008
1.78199999999991 0.97531818803404
1.78299999999991 0.975307398368387
1.78399999999991 0.97529660834463
1.78499999999991 0.97528581796274
1.78599999999991 0.975275049853871
1.78699999999991 0.97526431533621
1.78799999999991 0.97525358046408
1.78899999999991 0.975242845237453
1.78999999999991 0.975232121602462
1.79099999999991 0.975221400600347
1.79199999999991 0.975210679244639
1.79299999999991 0.975199968848318
1.79399999999991 0.97518930335261
1.79499999999991 0.975178637506951
1.79599999999991 0.975167971311312
1.79699999999991 0.975157322033602
1.79799999999991 0.975146683919324
1.79899999999991 0.975136045456873
1.79999999999991 0.975125406646223
