0.36 0.0798398606463501
0.361 0.0830796377242003
0.362 0.0864024342228905
0.363 0.0898093686129815
0.364 0.09347501382146
0.365 0.0972331840801525
0.366 0.100713485319421
0.367 0.104658487627466
0.368 0.10849772223013
0.369 0.112425142497534
0.37 0.116443514297186
0.371 0.120293943402694
0.372 0.123984979957847
0.373 0.127736213489054
0.374 0.131548181754128
0.375 0.135416386781451
0.376 0.139342654453411
0.377 0.143582235832025
0.378 0.147381292686654
0.379 0.151749557320082
0.38 0.155654834070468
0.381 0.15878176955023
0.382 0.162219694568717
0.383 0.165136679116498
0.384 0.168367790129598
0.385 0.171636436584512
0.386 0.174937485060093
0.387 0.17797783518734
0.388 0.181349164991647
0.389 0.185062916593458
0.39 0.188199596785117
0.391 0.19066875059684
0.392 0.192843955460021
0.393 0.195349116057574
0.394 0.197553436606701
0.395 0.200417862143581
0.396 0.202983484078454
0.397 0.205239049800597
0.398 0.207840322312235
0.399 0.210130131458908
0.4 0.212770127326237
0.401 0.214637672616007
0.402 0.216175287931618
0.403 0.217378915653028
0.404 0.219264755051988
0.405 0.221158106529717
0.406 0.222716086411043
0.407 0.224623602401788
0.408 0.225846874560083
0.409 0.227766950124418
0.41 0.229346243391613
0.411 0.230641289660826
0.412 0.231240088359125
0.413 0.232538826969618
0.414 0.233489587503349
0.415 0.234793803942353
0.416 0.23539848224401
0.417 0.236706131849067
0.418 0.238016928196695
0.419 0.238627502965318
0.42 0.239943348354531
0.421 0.240694197660803
0.422 0.241447979139138
0.423 0.242202596713822
0.424 0.242957345334242
0.425 0.243713075056362
0.426 0.244825132300198
0.427 0.245231799986276
0.428 0.246344327353224
0.429 0.246754137876166
0.43 0.247872145240352
0.431 0.248114711253666
0.432 0.249062456599132
0.433 0.24930951911956
0.434 0.250261179624363
0.435 0.250507216295505
0.436 0.250755343085087
0.437 0.2517108866126
0.438 0.251961716058638
0.439 0.252915720894925
0.44 0.253170835663181
0.441 0.253659688468682
0.442 0.254147337331559
0.443 0.254635177750763
0.444 0.254776967061226
0.445 0.255618486114272
0.446 0.255758510767843
0.447 0.256251884617302
0.448 0.256397705581335
0.449 0.257241023167229
0.45 0.257385129918222
0.451 0.257415622520346
0.452 0.25779332644058
0.453 0.258169482762559
0.454 0.258547173958785
0.455 0.258581338789196
0.456 0.258614828006144
0.457 0.258993427898174
0.458 0.259376751015636
0.459 0.259760148883008
0.46 0.259797507894814
0.461 0.260200788414343
0.462 0.260264973748367
0.463 0.260328521591992
0.464 0.260734504105936
0.465 0.260801150513166
0.466 0.260870329776461
0.467 0.261280873792126
0.468 0.261348442893006
0.469 0.261764581684
0.47 0.261838473557516
0.471 0.261972891412635
0.472 0.262450389380203
0.473 0.262591494161009
0.474 0.262732128804267
0.475 0.263211921797309
0.476 0.263357617612356
0.477 0.26350442015794
0.478 0.263989648911942
0.479 0.264136842256687
0.48 0.264628191909574
0.481 0.264823211915406
0.482 0.265017892425189
0.483 0.265554682486341
0.484 0.265756178026018
0.485 0.266294858461473
0.486 0.266158195904781
0.487 0.266366241096328
0.488 0.266573976469605
0.489 0.267118247301593
0.49 0.267328164916381
0.491 0.267503224642723
0.492 0.268014176404878
0.493 0.267852183987121
0.494 0.268031858921161
0.495 0.268548286821072
0.496 0.268728460236886
0.497 0.268909649144982
0.498 0.268760917987557
0.499 0.26928204967256
0.5 0.269467704138478
0.501 0.269863656476388
0.502 0.26992674985271
0.503 0.26965558413706
0.504 0.269717959563843
0.505 0.270119420492094
0.506 0.27018696311527
0.507 0.270586400351629
0.508 0.270323027056041
0.509 0.270395364229799
0.51 0.270467185320767
0.511 0.271032575729565
0.512 0.270939987082588
0.513 0.271179755334865
0.514 0.271088319837641
0.515 0.271328975789607
0.516 0.271904958853486
0.517 0.271819178717708
0.518 0.272063989301451
0.519 0.271981557574196
0.52 0.272562176465625
0.521 0.272761039340232
0.522 0.272629563393989
0.523 0.272833500526815
0.524 0.273366921588948
0.525 0.273570164213762
0.526 0.273445797736244
0.527 0.273983242839538
0.528 0.274190971750524
0.529 0.274069422429748
0.53 0.274609666413537
0.531 0.275024867017231
0.532 0.2751111321242
0.533 0.275527484627483
0.534 0.2756185588398
0.535 0.276368377626686
0.536 0.276789060633092
0.537 0.276883068147515
0.538 0.277638348533276
0.539 0.277734325455913
0.54 0.278160208970804
0.541 0.278433525645017
0.542 0.278376872085119
0.543 0.278320212959385
0.544 0.278924631560004
0.545 0.279201688412536
0.546 0.279149038561815
0.547 0.279096380162582
0.548 0.279705796889399
0.549 0.279986371103578
0.55 0.279937480708887
0.551 0.28032644285496
0.552 0.280389046325256
0.553 0.281110716551228
0.554 0.281173379033903
0.555 0.281567840301032
0.556 0.281634055880764
0.557 0.282359947037301
0.558 0.28242622962239
0.559 0.282825869767632
0.56 0.282895528817864
0.561 0.282901974450061
0.562 0.283569886270776
0.563 0.283579452446255
0.564 0.283919125711009
0.565 0.283928640094604
0.566 0.283940501616372
0.567 0.284283103108722
0.568 0.28429550857707
0.569 0.284968858404771
0.57 0.284984045634018
0.571 0.285432236251226
0.572 0.285550148984826
0.573 0.286330837494687
0.574 0.28645151796347
0.575 0.286903060770376
0.576 0.287023775684004
0.577 0.287809253942791
0.578 0.28793257244726
0.579 0.288387318746879
0.58 0.288511582848276
0.581 0.288557804967551
0.582 0.288935712984721
0.583 0.288981902490017
0.584 0.289693406168972
0.585 0.289741724838657
0.586 0.289790000043145
0.587 0.290170620006526
0.588 0.290220791566248
0.589 0.290935154669566
0.59 0.290985352892325
0.591 0.291130856255753
0.592 0.291609509777082
0.593 0.291755764796545
0.594 0.291901962433908
0.595 0.292715757156111
0.596 0.29286381204323
0.597 0.293011809977977
0.598 0.293160332701097
0.599 0.293643357117546
0.6 0.293792809257398
0.601 0.293863855137495
0.602 0.294269928694874
0.603 0.294342282926449
0.604 0.29508295399174
0.605 0.295155611295569
0.606 0.295229158666125
0.607 0.295637089112929
0.608 0.29571062361304
0.609 0.296453928518352
0.61 0.296528572328708
0.611 0.296685295643902
0.612 0.297176998818185
0.613 0.297334707636653
0.614 0.297492360475342
0.615 0.298321095859065
0.616 0.298479306323742
0.617 0.298637932536046
0.618 0.29879650278307
0.619 0.299291299374421
0.62 0.299450468733713
0.621 0.299581941314967
0.622 0.300050121828761
0.623 0.300181750427207
0.624 0.300313753344722
0.625 0.301120108698846
0.626 0.301252310256283
0.627 0.301384738823236
0.628 0.301517302480914
0.629 0.301987611027356
0.63 0.302120225264846
0.631 0.302236530377973
0.632 0.30235278722162
0.633 0.303145660183691
0.634 0.303262180362925
0.635 0.303378802246632
0.636 0.303495375654651
0.637 0.303611900554729
0.638 0.304067461230106
0.639 0.30418414616313
0.64 0.304300782452661
0.641 0.304387466575797
0.642 0.305152992161273
0.643 0.305239791316731
0.644 0.305326542878023
0.645 0.305752931382692
0.646 0.305839615813853
0.647 0.305926252545152
0.648 0.306012841557292
0.649 0.306779445476832
0.65 0.306865973008263
0.651 0.306972497889087
0.652 0.307078888860732
0.653 0.307525663324104
0.654 0.30763194662171
0.655 0.307738180953101
0.656 0.307844110016519
0.657 0.307949925975929
0.658 0.308396839817681
0.659 0.308502599435587
0.66 0.308608008831415
0.661 0.308704022515684
0.662 0.309483179816962
0.663 0.309579040851128
0.664 0.30967467258019
0.665 0.310112171722285
0.666 0.310207824151392
0.667 0.310302910801227
0.668 0.310397954973164
0.669 0.311177615864796
0.67 0.311272552370317
0.671 0.311360365784585
0.672 0.311448136532615
0.673 0.311878588317633
0.674 0.311965846857267
0.675 0.312052931838482
0.676 0.312139974064942
0.677 0.312226835122216
0.678 0.312999502249125
0.679 0.31308591368504
0.68 0.313172282234738
0.681 0.313244624488331
0.682 0.313316609963456
0.683 0.313732180544169
0.684 0.313804159456202
0.685 0.31387530738186
0.686 0.313946412642269
0.687 0.314017475223728
0.688 0.314776171396143
0.689 0.314846404527929
0.69 0.314916594980275
0.691 0.314966414894205
0.692 0.315015500019639
0.693 0.315408702703427
0.694 0.315457584202097
0.695 0.315506232025148
0.696 0.315554071167368
0.697 0.315601868610875
0.698 0.315994220010221
0.699 0.316040793653453
0.7 0.316086530996809
0.701 0.316103057034566
0.702 0.3161195414218
0.703 0.316134173666778
0.704 0.316148765114483
0.705 0.31685287589265
0.706 0.316866993393299
0.707 0.316880434345187
0.708 0.316893834928081
0.709 0.316907195148114
0.71 0.316919622766446
0.711 0.316904592040412
0.712 0.316889525824933
0.713 0.317219004103099
0.714 0.317202733208861
0.715 0.317186427543157
0.716 0.317170087120659
0.717 0.317153019122406
0.718 0.317824879998855
0.719 0.317807243739504
0.72 0.317789573443888
0.721 0.317746839791064
0.722 0.317704077255032
0.723 0.318005820874323
0.724 0.317962475827519
0.725 0.317918385041628
0.726 0.317874266368776
0.727 0.317830119829888
0.728 0.318473565495755
0.729 0.318428051436571
0.73 0.318382510472937
0.731 0.318299125989198
0.732 0.318214734547038
0.733 0.318130325075612
0.734 0.318045897605168
0.735 0.318304441631552
0.736 0.318218633562767
0.737 0.318132808851662
0.738 0.318046967527722
0.739 0.317959873761747
0.74 0.317872764709537
0.741 0.317744655632386
0.742 0.31761603195737
0.743 0.317486640550204
0.744 0.3173572448881
0.745 0.317913002341603
0.746 0.317782300384648
0.747 0.317651341147843
0.748 0.317520379433765
0.749 0.317389160807029
0.75 0.317256922869528
0.751 0.317043582186103
0.752 0.316830287206921
0.753 0.316957435739472
0.754 0.316742697129694
0.755 0.31652800677441
0.756 0.316313364721754
0.757 0.316097502467624
0.758 0.316561737594116
0.759 0.316345512251241
0.76 0.316128815657529
0.761 0.315853234681358
0.762 0.315577736697947
0.763 0.315302321760014
0.764 0.31502597740748
0.765 0.315087542315909
0.766 0.314810819501404
0.767 0.314533919178552
0.768 0.314256052310789
0.769 0.313978274503306
0.77 0.313700585802803
0.771 0.313364176057047
0.772 0.313027391752292
0.773 0.312690730575113
0.774 0.312354192576218
0.775 0.312686032606741
0.776 0.312347711566925
0.777 0.312009517470701
0.778 0.311670955575328
0.779 0.311331780750471
0.78 0.310992736175204
0.781 0.3106723405872
0.782 0.310350880040402
0.783 0.310029138996324
0.784 0.309707378335403
0.785 0.309716600003044
0.786 0.309393227195254
0.787 0.309069837913314
0.788 0.308746432203415
0.789 0.308422253794924
0.79 0.308097557325285
0.791 0.307690806817359
0.792 0.30728404315849
0.793 0.306876046602443
0.794 0.306468040677387
0.795 0.306060025436524
0.796 0.305978407820365
0.797 0.305568706196302
0.798 0.305158999132732
0.799 0.304749286680993
0.8 0.304338241693718
0.801 0.303572181649234
0.802 0.302806997069531
0.803 0.302042420243111
0.804 0.301277652065286
0.805 0.267694124828974
0.806 0.267014451789094
0.807 0.26633494738926
0.808 0.265655822293675
0.809 0.264977489894076
0.81 0.264299950292229
0.811 0.263534630789137
0.812 0.262770267093536
0.813000000000001 0.26200685928548
0.814000000000001 0.261243997001373
0.815000000000001 0.26048147950529
0.816000000000001 0.240497050479425
0.817000000000001 0.220350096666228
0.818000000000001 0.200317497773838
0.819000000000001 0.180399623751209
0.820000000000001 0.160596422136746
0.821000000000001 0.140969346062902
0.822000000000001 0.121438743014736
0.823000000000001 0.102005156469722
0.824000000000001 0.0826686388654101
0.825000000000001 0.0635641960030764
0.826000000000001 0.0634015345693467
0.827000000000001 0.0632388188377682
0.828000000000001 0.0630760493206036
0.829000000000001 0.0629129934473598
0.830000000000001 0.0627498860853286
0.831000000000001 0.0625649644489203
0.832000000000001 0.0623799041632596
0.833000000000001 0.0621946612775417
0.834000000000001 0.0620093733867578
0.835000000000001 0.0309448707215228
0.836000000000001 0.030851991276375
0.837000000000001 0.0307590676267496
0.838000000000001 0.0306661233612682
0.839000000000001 0.0305731371450005
