1.42499999999995 9.69370745297334e-05
1.42599999999995 0.000241737642852623
1.42699999999995 0.000157090110177777
1.42799999999995 0.000128416865951081
1.42899999999995 0.000254993148580528
1.42999999999995 0.00033216908229702
1.43099999999995 6.71920763160881e-05
1.43199999999995 8.72660732234691e-05
1.43299999999995 0.000205309832642193
1.43399999999995 0.000112203738313634
1.43499999999995 0.000226624283316951
1.43599999999995 0.000211005390585831
1.43699999999995 9.28440019784718e-05
1.43799999999995 0.000365133280417151
1.43899999999995 0.000241087261235276
1.43999999999995 0.000296261602306201
1.44099999999995 0.00021777339430852
1.44199999999995 0.000238338568007707
1.44299999999995 0.000364768565539859
1.44399999999995 0.000384233296322943
1.44499999999995 0.000157469552229306
1.44599999999995 0.000415994302959445
1.44699999999995 0.000516729012503791
1.44799999999995 0.000539556431243029
1.44899999999995 0.000581859196818924
1.44999999999995 0.000185312157245688
1.45099999999995 0.000471271523919972
1.45199999999995 0.00050168126827312
1.45299999999995 0.000767922240862
1.45399999999995 0.00080083699708588
1.45499999999995 0.000575793707083545
1.45599999999995 0.000876544144548413
1.45699999999995 0.000838839161002547
1.45799999999995 0.00114902478755563
1.45899999999995 0.00128628241755534
1.45999999999995 0.00112625973642084
1.46099999999995 0.00138543626870662
1.46199999999995 0.00186091944186894
1.46299999999995 0.00151859201965836
1.46399999999995 0.00296364414554899
1.46499999999995 0.00216575469288017
1.46599999999995 0.00237718334048008
1.46699999999995 0.00318001286042211
1.46799999999995 0.00623902056147077
1.46899999999995 0.00451971106576754
1.46999999999995 0.00532619637443134
1.47099999999995 0.00801442784989559
1.47199999999995 0.00881386466561258
1.47299999999995 0.0127252736858344
1.47399999999995 0.0237503626317335
1.47499999999995 0.0219681459370911
1.47599999999995 0.0288860355163979
1.47699999999995 0.0251187898481075
1.47799999999995 0.0410505166270257
1.47899999999995 0.0451136426393945
1.47999999999995 0.0368460471944443
1.48099999999995 0.0566097003827657
1.48199999999995 0.0730156690369818
1.48299999999995 0.0901927971032084
1.48399999999995 0.0840630640574643
1.48499999999995 0.106326817962875
1.48599999999995 0.0948733074557082
1.48699999999995 0.108989373077099
1.48799999999995 0.140677483473829
1.48899999999995 0.144057131674213
1.48999999999995 0.184307968283634
1.49099999999995 0.159267594327455
1.49199999999995 0.181555848244644
1.49299999999995 0.208673188168935
1.49399999999995 0.198829254883936
1.49499999999995 0.19768679220788
1.49599999999995 0.208916180804361
1.49699999999995 0.234555100725179
1.49799999999995 0.223156819336433
1.49899999999995 0.229943455817921
1.49999999999995 0.247150969380755
1.50099999999995 0.239625668994585
1.50199999999995 0.241694393679201
1.50299999999995 0.224074655109161
1.50399999999995 0.220378734534506
1.50499999999995 0.248411415718663
1.50599999999994 0.256019693670159
1.50699999999994 0.249912249518708
1.50799999999994 0.228964955763245
1.50899999999994 0.248596245149733
1.50999999999994 0.25177609575704
1.51099999999994 0.255599439086838
1.51199999999994 0.249376199020847
1.51299999999994 0.248851424577399
1.51399999999994 0.25051118828098
1.51499999999994 0.258107914684756
1.51599999999994 0.248458431183884
1.51699999999994 0.251523766885845
1.51799999999994 0.253208675171485
1.51899999999994 0.252390780786537
1.51999999999994 0.254770866997181
1.52099999999994 0.255030728547208
1.52199999999994 0.257530601961287
1.52299999999994 0.256493705937034
1.52399999999994 0.254580864280572
1.52499999999994 0.254131175742729
1.52599999999994 0.253917597448823
1.52699999999994 0.254567671153065
1.52799999999994 0.255222860291517
1.52899999999994 0.255726947197233
1.52999999999994 0.255969528987465
1.53099999999994 0.254722078272485
1.53199999999994 0.25646650707317
1.53299999999994 0.255512766843139
1.53399999999994 0.254736088327992
1.53499999999994 0.25412436255318
1.53599999999994 0.255644911609642
1.53699999999994 0.256572802670487
1.53799999999994 0.256793988733254
1.53899999999994 0.256094392712869
1.53999999999994 0.255605108776065
1.54099999999994 0.256547305985774
1.54199999999994 0.256275670133227
1.54299999999994 0.257721236908196
1.54399999999994 0.25718383874166
1.54499999999994 0.257979738056896
1.54599999999994 0.25822293957852
1.54699999999994 0.258606309461006
1.54799999999994 0.25880294928709
1.54899999999994 0.25859321237396
1.54999999999994 0.25848099602092
1.55099999999994 0.25812826221473
1.55199999999994 0.257788856455174
1.55299999999994 0.258171552747854
1.55399999999994 0.257954454521223
1.55499999999994 0.258141674509837
1.55599999999994 0.257889952529019
1.55699999999994 0.257795753105193
1.55799999999994 0.257585648096209
1.55899999999994 0.257401548555436
1.55999999999994 0.257325050425371
1.56099999999994 0.257500508684541
1.56199999999994 0.256903567122669
1.56299999999994 0.257276334339476
1.56399999999994 0.257209759118299
1.56499999999994 0.257478510293599
1.56599999999994 0.257573780417414
1.56699999999994 0.257257155453019
1.56799999999994 0.255537914882807
1.56899999999994 0.250428581112623
1.56999999999994 0.24345385791426
1.57099999999994 0.239250165095452
1.57199999999994 0.233667495792465
1.57299999999994 0.243125393280477
1.57399999999994 0.246802249385963
1.57499999999994 0.255533352782751
1.57599999999994 0.2452567348746
1.57699999999994 0.246058213848681
1.57799999999994 0.245955104407433
1.57899999999994 0.247194421159734
1.57999999999994 0.247092084735638
1.58099999999994 0.25236845861448
1.58199999999994 0.255611272506384
1.58299999999994 0.257859782270837
1.58399999999994 0.258152199329098
1.58499999999994 0.259006076875907
1.58599999999994 0.259654257300585
1.58699999999994 0.260047588830321
1.58799999999994 0.260385515318867
1.58899999999994 0.260505995404615
1.58999999999994 0.26035702105325
1.59099999999994 0.26036091955059
1.59199999999994 0.260519862458844
1.59299999999994 0.260734036208698
1.59399999999994 0.260422063420614
1.59499999999994 0.26085794580492
1.59599999999994 0.260509228390106
1.59699999999993 0.259966824578371
1.59799999999993 0.258336449335478
1.59899999999993 0.253564943134011
1.59999999999993 0.244730351814351
1.60099999999993 0.241388051716088
1.60199999999993 0.237761178098119
1.60299999999993 0.238779467774935
1.60399999999993 0.248455956935417
1.60499999999993 0.254644722088177
1.60599999999993 0.248012166910844
1.60699999999993 0.245508659527879
1.60799999999993 0.243191095783157
1.60899999999993 0.242840828072384
1.60999999999993 0.243793938613546
1.61099999999993 0.246452816834938
1.61199999999993 0.249377431642071
1.61299999999993 0.251142928397349
1.61399999999993 0.25288933023849
1.61499999999993 0.253684618131287
1.61599999999993 0.253729109986626
1.61699999999993 0.254538533239323
1.61799999999993 0.254368730012263
1.61899999999993 0.255001684767813
1.61999999999993 0.255290447141875
1.62099999999993 0.255340782378417
1.62199999999993 0.255474276479821
1.62299999999993 0.25551313709588
1.62399999999993 0.255661177827659
1.62499999999993 0.255500220190167
1.62599999999993 0.255712723234567
1.62699999999993 0.255274895302452
1.62799999999993 0.25493347577664
1.62899999999993 0.255468999835561
1.62999999999993 0.254005337875606
1.63099999999993 0.255306129893777
1.63199999999993 0.25401474936623
1.63299999999993 0.254379619777535
1.63399999999993 0.255180839387844
1.63499999999993 0.252423485052152
1.63599999999993 0.254471129596825
1.63699999999993 0.250027462571887
1.63799999999993 0.254114204218661
1.63899999999993 0.25318615902716
1.63999999999993 0.246927235187868
1.64099999999993 0.251602232951855
1.64199999999993 0.245132548174092
1.64299999999993 0.250670701173861
1.64399999999993 0.252867053174664
1.64499999999993 0.243811608037584
1.64599999999993 0.253292979997639
1.64699999999993 0.251975260296275
1.64799999999993 0.245139643706521
1.64899999999993 0.25207545649878
1.64999999999993 0.245542570861856
1.65099999999993 0.252356045995157
1.65199999999993 0.253484429643427
1.65299999999993 0.247050925149382
1.65399999999993 0.253999384557061
1.65499999999993 0.252832398300483
1.65599999999993 0.250447777017112
1.65699999999993 0.25350442423097
1.65799999999993 0.254139465813862
1.65899999999993 0.252537364812567
1.65999999999993 0.254213022487635
1.66099999999993 0.252980562505705
1.66199999999993 0.251731185196406
1.66299999999993 0.25326794183195
1.66399999999993 0.253700146441652
1.66499999999993 0.228661405093963
1.66599999999993 0.241151367519416
1.66699999999993 0.250263340198513
1.66799999999993 0.251752499578751
1.66899999999993 0.252654039653346
1.66999999999993 0.252725802147316
1.67099999999993 0.25184617134348
1.67199999999993 0.253369443229674
1.67299999999993 0.253293151414461
1.67399999999993 0.250093454324528
1.67499999999993 0.253196169367282
1.67599999999993 0.253582109631638
1.67699999999993 0.249255336382384
1.67799999999993 0.25373656913063
1.67899999999993 0.254150930555023
1.67999999999993 0.25115857296628
1.68099999999993 0.254143987866524
1.68199999999993 0.255019032333826
1.68299999999993 0.254444160517911
1.68399999999993 0.249740337240281
1.68499999999993 0.255692890681702
1.68599999999993 0.256424808198869
1.68699999999993 0.251966532704793
1.68799999999992 0.256172448097935
1.68899999999992 0.255948400768787
1.68999999999992 0.250328457933268
1.69099999999992 0.254831872310401
1.69199999999992 0.255438426637151
1.69299999999992 0.255252569491258
1.69399999999992 0.254291990803317
1.69499999999992 0.256275268849394
1.69599999999992 0.253597591663726
1.69699999999992 0.25012417581194
1.69799999999992 0.255665592566729
1.69899999999992 0.25438300775426
1.69999999999992 0.251729291235665
1.70099999999992 0.252077948597701
1.70199999999992 0.24845043767303
1.70299999999992 0.245600886809471
1.70399999999992 0.244201545249228
1.70499999999992 0.239396225910209
1.70599999999992 0.234523182647694
1.70699999999992 0.232593006299681
1.70799999999992 0.221968602445922
1.70899999999992 0.229788829065168
1.70999999999992 0.225512728657979
1.71099999999992 0.225185634986884
1.71199999999992 0.222117487452507
1.71299999999992 0.218031599988564
1.71399999999992 0.208276694445893
1.71499999999992 0.214130503888282
1.71599999999992 0.206582410180437
1.71699999999992 0.208908010616627
1.71799999999992 0.206116079630832
1.71899999999992 0.203755768358472
1.71999999999992 0.199642621497999
1.72099999999992 0.183520511553236
1.72199999999992 0.193136892998388
1.72299999999992 0.184057926595533
1.72399999999992 0.178561664960895
1.72499999999992 0.186044539174329
1.72599999999992 0.180950117354085
1.72699999999992 0.180113585359795
1.72799999999992 0.172734260124334
1.72899999999992 0.176288914432795
1.72999999999992 0.172859099571928
1.73099999999992 0.168398517842251
1.73199999999992 0.150413171752747
1.73299999999992 0.166474873736582
1.73399999999992 0.163739512692689
1.73499999999992 0.156049139158162
1.73599999999992 0.145690132667548
1.73699999999992 0.156278836963184
1.73799999999992 0.153188387381871
1.73899999999992 0.145395857369167
1.73999999999992 0.147448355826469
1.74099999999992 0.129416918645332
1.74199999999992 0.14299168376337
1.74299999999992 0.140330510368012
1.74399999999992 0.128057495078426
1.74499999999992 0.135210630908746
1.74599999999992 0.117122309273313
1.74699999999992 0.112409013825347
1.74799999999992 0.127332018937695
1.74899999999992 0.124383883838291
1.74999999999992 0.121919223721847
1.75099999999992 0.107394326471532
1.75199999999992 0.116511168493937
1.75299999999992 0.11491600449522
1.75399999999992 0.11173481085305
1.75499999999992 0.0978061168255542
1.75599999999992 0.0988764946637811
1.75699999999992 0.0943739234383955
1.75799999999992 0.103642327416868
1.75899999999992 0.101731317506326
1.75999999999992 0.0975631553554849
1.76099999999992 0.0904795423189907
1.76199999999992 0.0878877451580777
1.76299999999992 0.0851397838968525
1.76399999999992 0.0878536398378847
1.76499999999992 0.0605030065648317
1.76599999999992 0.0735178893857123
1.76699999999992 0.0758708551406553
1.76799999999992 0.0706523671875936
1.76899999999992 0.0623206492964748
1.76999999999992 0.0553582875869904
1.77099999999992 0.0562071768749271
1.77199999999992 0.0506724057339944
1.77299999999992 0.0435972164849365
1.77399999999992 0.035007455695569
1.77499999999992 0.0339383279243645
1.77599999999992 0.0258965615579659
1.77699999999992 0.0259978276002196
1.77799999999991 0.0167502761888306
1.77899999999991 0.017498889916584
1.77999999999991 0.0154537069654306
1.78099999999991 0.00903044198701989
1.78199999999991 0.0105442423966006
1.78299999999991 0.00831852628723248
1.78399999999991 0.00400841487165943
1.78499999999991 0.00422974383498705
1.78599999999991 0.00396908912215786
1.78699999999991 0.00282887431098831
1.78799999999991 0.00256156705050169
1.78899999999991 0.00221391931443785
1.78999999999991 0.00128846005850794
1.79099999999991 0.00109860311479927
1.79199999999991 0.000737922153322798
1.79299999999991 0.000472134804320557
1.79399999999991 0.000507964500710541
1.79499999999991 0.000336875683739023
1.79599999999991 0.00019610112893739
1.79699999999991 0.000170142509585585
1.79799999999991 9.28085028161086e-05
1.79899999999991 3.53430485774359e-05
1.79999999999991 1.51290222315005e-15
