0.37 0.00116443514297189
0.371 0.00174426217933909
0.372 0.00235571461919912
0.373 0.0030018010169928
0.374 0.00368334908911563
0.375 0.00440103257039719
0.376 0.00515567821477624
0.377 0.00595866278702905
0.378 0.00677953946358614
0.379 0.00766335264466417
0.38 0.00856101587387577
0.381 0.00944751528823873
0.382 0.0103820604523979
0.383 0.0113118625194801
0.384 0.0122908486794607
0.385 0.0133018238352997
0.386 0.0143448737749277
0.387 0.015395082743705
0.388 0.0165027740142399
0.389 0.0176735085346753
0.39 0.0188199596785121
0.391 0.0266936250835581
0.392 0.0347119119828042
0.393 0.0429768055326668
0.394 0.0513638935177428
0.395 0.0601253586430751
0.396 0.069014384586675
0.397 0.0779908389242277
0.398 0.0872929353711394
0.399 0.0966598604710986
0.4 0.10638506366312
0.401 0.114831154849565
0.402 0.123219914121023
0.403 0.131514243970083
0.404 0.140329443233273
0.405 0.14928172190756
0.406 0.158128421351842
0.407 0.167344583789333
0.408 0.176160562156866
0.409 0.185630064351402
0.41 0.194944306882871
0.411 0.196045096211703
0.412 0.196554075105256
0.413 0.197658002924175
0.414 0.198466149377847
0.415 0.199574733351
0.416 0.200088709907409
0.417 0.201200212071707
0.418 0.202314388967191
0.419 0.20283337752052
0.42 0.203951846101351
0.421 0.204590068011683
0.422 0.205230782268268
0.423 0.205872207206748
0.424 0.206513743534106
0.425 0.207156113797908
0.426 0.208101362455169
0.427 0.208447029988335
0.428 0.20939267825024
0.429 0.209741017194742
0.43 0.2106913234543
0.431 0.210897504565616
0.432 0.211703088109262
0.433 0.211913091251626
0.434 0.212722002680708
0.435 0.212931133851179
0.436 0.213142041622324
0.437 0.21395425362071
0.438 0.214167458649843
0.439 0.214978362760686
0.44 0.215195210313704
0.441 0.215610735198379
0.442 0.216025236731825
0.443 0.216439901088148
0.444 0.216560422002042
0.445 0.217275713197131
0.446 0.217394734152666
0.447 0.217814101924706
0.448 0.217938049744135
0.449 0.218654869692145
0.45 0.218777360430489
0.451 0.218803279142294
0.452 0.219124327474493
0.453 0.219444060348175
0.454 0.219765097864967
0.455 0.219794137970816
0.456 0.219822603805222
0.457 0.220144413713448
0.458 0.22047023836329
0.459 0.220796126550557
0.46 0.220827881710592
0.461 0.221170670152192
0.462 0.221225227686112
0.463 0.221279243353193
0.464 0.221624328490046
0.465 0.221680977936191
0.466 0.221739780309992
0.467 0.222088742723307
0.468 0.222146176459055
0.469 0.2224998944314
0.47 0.222562702523889
0.471 0.22267695770074
0.472 0.223082830973173
0.473 0.223202770036857
0.474 0.223322309483627
0.475 0.223730133527713
0.476 0.223853974970503
0.477 0.223978757134249
0.478 0.224391201575151
0.479 0.224516315918184
0.48 0.224933963123138
0.481 0.225099730128095
0.482 0.225265208561411
0.483 0.22572148011339
0.484 0.225892751322115
0.485 0.226350629692252
0.486 0.226234466519064
0.487 0.226411304931879
0.488 0.226587879999165
0.489 0.227050510206354
0.49 0.227228940178924
0.491 0.227377740946315
0.492 0.227812049944147
0.493 0.227674356389053
0.494 0.227827080082987
0.495 0.228266043797911
0.496 0.228419191201353
0.497 0.228573201773235
0.498 0.228446780289423
0.499 0.228889742221676
0.5 0.229047548517707
0.501 0.22938410800493
0.502 0.229437737374804
0.503 0.229207246516501
0.504 0.229260265629267
0.505 0.22960150741828
0.506 0.229658918647979
0.507 0.229998440298884
0.508 0.229774572997635
0.509 0.229836059595329
0.51 0.229897107522652
0.511 0.230377689370131
0.512 0.2302989890202
0.513 0.230502792034635
0.514 0.230425071861995
0.515 0.230629629421166
0.516 0.231119215025463
0.517 0.231046301910052
0.518 0.231254390906233
0.519 0.231184323938067
0.52 0.231677849995781
0.521 0.231846883439197
0.522 0.231735128884891
0.523 0.231908475447793
0.524 0.232361883350606
0.525 0.232534639581698
0.526 0.232428928075808
0.527 0.232885756413608
0.528 0.233062325987945
0.529 0.232959009065286
0.53 0.233418216451507
0.531 0.233771136964646
0.532 0.23384446230557
0.533 0.234198361933361
0.534 0.23427577501383
0.535 0.234913120982683
0.536 0.235270701538128
0.537 0.235350607925388
0.538 0.235992596253284
0.539 0.236074176637526
0.54 0.236436177625184
0.541 0.236668496798264
0.542 0.236620341272351
0.543 0.236572181015477
0.544 0.237085936826003
0.545 0.237321435150656
0.546 0.237276682777543
0.547 0.237231923138195
0.548 0.237749927355989
0.549 0.237988415438042
0.55 0.237946858602554
0.551 0.238277476426716
0.552 0.238330689376468
0.553 0.238944109068544
0.554 0.238997372178818
0.555 0.239332664255877
0.556 0.239388947498649
0.557 0.240005954981706
0.558 0.240062295179032
0.559 0.240401989302487
0.56 0.240461199495185
0.561 0.240466678282551
0.562 0.24103440333016
0.563 0.241042534579317
0.564 0.241331256854358
0.565 0.241339344080414
0.566 0.241349426373916
0.567 0.241640637642414
0.568 0.24165118229051
0.569 0.242223529644056
0.57 0.242236438788915
0.571 0.242617400813542
0.572 0.242717626637102
0.573 0.243381211870484
0.574 0.243483790268949
0.575 0.24386760165482
0.576 0.243970209331403
0.577 0.244637865851372
0.578 0.244742686580171
0.579 0.245129220934847
0.58 0.245234845421035
0.581 0.245274134222419
0.582 0.245595356037013
0.583 0.245634617116515
0.584 0.246239395243627
0.585 0.246280466112859
0.586 0.246321500036673
0.587 0.246645027005547
0.588 0.246687672831311
0.589 0.247294881469131
0.59 0.247337549958476
0.591 0.24746122781739
0.592 0.24786808331052
0.593 0.247992400077063
0.594 0.248116668068822
0.595 0.248808393582694
0.596 0.248934240236745
0.597 0.24906003848128
0.598 0.249186282795932
0.599 0.249596853549914
0.6 0.249723887868788
0.601 0.249784276866871
0.602 0.250129439390643
0.603 0.250190940487482
0.604 0.250820510892979
0.605 0.250882269601234
0.606 0.250944784866206
0.607 0.25129152574599
0.608 0.251354030071084
0.609 0.251985839240599
0.61 0.252049286479401
0.611 0.252182501297317
0.612 0.252600448995457
0.613 0.252734501491155
0.614 0.252868506404041
0.615 0.253572931480205
0.616 0.253707410375181
0.617 0.253842242655639
0.618 0.25397702736561
0.619 0.254397604468258
0.62 0.254532898423656
0.621 0.254644650117722
0.622 0.255042603554447
0.623 0.255154487863126
0.624 0.255266690343014
0.625 0.255952092394019
0.626 0.256064463717841
0.627 0.25617702799975
0.628 0.256289707108777
0.629 0.256689469373253
0.63 0.256802191475119
0.631 0.256901050821277
0.632 0.256999869138377
0.633 0.257673811156137
0.634 0.257772853308486
0.635 0.257871981909637
0.636 0.257971069306453
0.637 0.25807011547152
0.638 0.25845734204559
0.639 0.25855652423866
0.64 0.258655665084762
0.641 0.258729346589427
0.642 0.259380043337082
0.643 0.259453822619222
0.644 0.25952756144632
0.645 0.259889991675288
0.646 0.259963673441775
0.647 0.26003731466338
0.648 0.260110915323699
0.649 0.260762528655307
0.65 0.260836077057023
0.651 0.260926623205724
0.652 0.261017055531623
0.653 0.261396813825489
0.654 0.261487154628454
0.655 0.261577453810136
0.656 0.261667493514042
0.657 0.26175743707954
0.658 0.262137313845029
0.659 0.262227209520249
0.66 0.262316807506703
0.661 0.262398419138331
0.662 0.263060702844418
0.663 0.263142184723458
0.664 0.263223471693162
0.665 0.263595345963942
0.666 0.263676650528683
0.667 0.263757474181043
0.668 0.263838261727189
0.669 0.264500973485077
0.67 0.26458166951477
0.671 0.264656310916898
0.672 0.264730916052723
0.673 0.265096800069988
0.674 0.265170969828677
0.675 0.265244992062709
0.676 0.2653189779552
0.677 0.265392809853883
0.678 0.266049576911756
0.679 0.266123026632284
0.68 0.266196439899528
0.681 0.266257930815082
0.682 0.266319118468938
0.683 0.266672353462543
0.684 0.266733535537772
0.685 0.266794011274581
0.686 0.266854450745929
0.687 0.266914853940169
0.688 0.267559745686721
0.689 0.267619443848739
0.69 0.267679105733234
0.691 0.267721452660074
0.692 0.267763175016693
0.693 0.268097397297913
0.694 0.268138946571782
0.695 0.268180297221376
0.696 0.268220960492263
0.697 0.268261588319243
0.698 0.268595087008688
0.699 0.268634674605435
0.7 0.268673551347288
0.701 0.268687598479381
0.702 0.26870161020853
0.703 0.268714047616761
0.704 0.26872645034731
0.705 0.269324944508753
0.706 0.269336944384304
0.707 0.269348369193409
0.708 0.269359759688869
0.709 0.269371115875897
0.71 0.269381679351479
0.711 0.26936890323435
0.712 0.269356096951193
0.713 0.269636153487634
0.714 0.269622323227532
0.715 0.269608463411684
0.716 0.26959457405256
0.717 0.269580066254045
0.718 0.270151147999027
0.719 0.270136157178578
0.72 0.270121137427305
0.721 0.270084813822405
0.722 0.270048465666777
0.723 0.270304947743174
0.724 0.270268104453391
0.725 0.270230627285384
0.726 0.27019312641346
0.727 0.270155601855405
0.728 0.270702530671392
0.729 0.270663843721086
0.73 0.270625133901996
0.731 0.270554257090819
0.732 0.270482524364983
0.733 0.27041077631427
0.734 0.270339012964393
0.735 0.270558775386819
0.736 0.270485838528352
0.737 0.270412887523913
0.738 0.270339922398564
0.739 0.270265892697485
0.74 0.270191850003107
0.741 0.270082957287528
0.742 0.269973627163765
0.743 0.269863644467673
0.744 0.269753658154885
0.745 0.270226051990363
0.746 0.270114955326951
0.747 0.270003639975667
0.748 0.269892322518701
0.749 0.269780786685974
0.75 0.269668384439099
0.751 0.269487044858188
0.752 0.269305744125883
0.753 0.269413820378551
0.754 0.26923129256024
0.755 0.269048805758249
0.756 0.268866360013491
0.757 0.26868287709748
0.758 0.269077476954999
0.759 0.268893685413555
0.76 0.2687094933089
0.761 0.268475249479154
0.762 0.268241076193255
0.763 0.268006973496012
0.764 0.267772080796358
0.765 0.267824410968523
0.766 0.267589196576194
0.767 0.26735383130177
0.768 0.267117644464171
0.769 0.26688153332781
0.77 0.266645497932383
0.771 0.26635954964849
0.772 0.266073282989448
0.773 0.265787120988846
0.774 0.265501063689785
0.775 0.26578312771573
0.776 0.265495554831887
0.777 0.265208089850096
0.778 0.264920312239029
0.779 0.2646320136379
0.78 0.264343825748924
0.781 0.26407148949912
0.782 0.263798248034342
0.783 0.263524768146875
0.784 0.263251271585093
0.785 0.263259110002587
0.786 0.262984243115966
0.787 0.262709362226317
0.788 0.262434467372903
0.789 0.262158915725686
0.79 0.261882923726493
0.791 0.261537185794756
0.792 0.261191436684716
0.793 0.260844639612076
0.794 0.260497834575779
0.795 0.260151021621046
0.796 0.26008164664731
0.797 0.259733400266857
0.798 0.259385149262822
0.799 0.259036893678844
0.8 0.25868750543966
0.801 0.258036354401849
0.802 0.257385947509102
0.803 0.256736057206645
0.804 0.256086004255493
0.805 0.227540006104622
0.806 0.213611561431269
0.807 0.199751210541939
0.808 0.185959075605567
0.809 0.172235368431144
0.81 0.158579970175331
0.811 0.144944046934019
0.812 0.131385133546762
0.813000000000001 0.11790308667846
0.814000000000001 0.104497598800543
0.815000000000001 0.0911685178268456
0.816000000000001 0.0721491151438221
0.817000000000001 0.0550875241665521
0.818000000000001 0.0400634995547631
0.819000000000001 0.0270599435626773
0.820000000000001 0.0160596422136743
0.821000000000001 0.0134625725490069
0.822000000000001 0.0110509256143407
0.823000000000001 0.00882344603463074
0.824000000000001 0.00677882838696347
0.825000000000001 0.0049262251902383
0.826000000000001 0.00462831202356219
0.827000000000001 0.004331859090387
0.828000000000001 0.0040368671565185
0.829000000000001 0.00374332311011778
0.830000000000001 0.00345124373469295
0.831000000000001 0.00315953070467035
0.832000000000001 0.00286947559150982
0.833000000000001 0.00258107844301786
0.834000000000001 0.00229434681530991
0.835000000000001 0.00100570829844943
0.836000000000001 0.000863855755738438
0.837000000000001 0.000722838089228555
0.838000000000001 0.000582656343864035
0.839000000000001 0.000443310488602446
