0.890000000000001 0.0024668311763544
0.891000000000001 0.00355531051940765
0.892000000000001 0.00463315122690819
0.893000000000001 0.00564299602370868
0.894000000000001 0.00665499706746753
0.895000000000001 0.00754896078683841
0.896000000000001 0.00828677949876757
0.897000000000001 0.0092606424093367
0.898000000000001 0.0101145258007888
0.899000000000001 0.0105189678205861
0.900000000000001 0.0115932034939518
0.901000000000001 0.0124486492993607
0.902000000000001 0.0136353645621249
0.903000000000001 0.015318745405404
0.904000000000001 0.0161461272760164
0.905000000000001 0.0170715588081188
0.906000000000001 0.0176507199309988
0.907000000000001 0.0172275639424228
0.908000000000001 0.0180490254798826
0.909000000000001 0.019991742721302
0.910000000000001 0.0195951447258642
0.911000000000001 0.0292651669838164
0.912000000000001 0.0361542442760688
0.913000000000001 0.0398251855869833
0.914000000000001 0.0533579189951231
0.915000000000001 0.0547238403103738
0.916000000000001 0.0684142854613951
0.917000000000001 0.0700936586447888
0.918000000000001 0.0813822113754628
0.919000000000001 0.0889294429545616
0.920000000000001 0.0988410621982793
0.921000000000001 0.101598820353657
0.922000000000001 0.110113132115
0.923000000000001 0.114783702128647
0.924000000000001 0.11812862389204
0.925000000000001 0.125859906153177
0.926000000000001 0.130494020520682
0.927000000000001 0.135420556822762
0.928000000000001 0.130250067938794
0.929000000000001 0.134999498671277
0.930000000000001 0.130767917458645
0.931000000000001 0.107266363904809
0.932000000000001 0.107428005457969
0.933000000000001 0.102021322448626
0.934000000000001 0.0792710402061557
0.935000000000001 0.106658125997179
0.936000000000001 0.09434274856954
0.937000000000001 0.0984925724434687
0.938000000000001 0.0890499770203481
0.939000000000001 0.129422984861292
0.940000000000001 0.116818723764664
0.941000000000001 0.114531700592635
0.942000000000001 0.103889736016879
0.943000000000001 0.104789264145802
0.944000000000001 0.0777932687263134
0.945000000000001 0.101149929368771
0.946000000000001 0.0980499392700845
0.947000000000001 0.0999014637057454
0.948000000000001 0.0951301167833342
0.949000000000001 0.0971623281366378
0.950000000000001 0.0868211279631599
0.951000000000001 0.102465473841736
0.952000000000001 0.0893133929608793
0.953000000000001 0.0960005516319257
0.954000000000001 0.0900650089265957
0.955000000000001 0.0904054209134306
0.956000000000001 0.0881221617002876
0.957000000000001 0.0992596747476529
0.958000000000001 0.0915363925791873
0.959000000000001 0.0818038355757856
0.960000000000001 0.0896394459891705
0.961000000000001 0.0952926686925818
0.962000000000001 0.085108915850001
0.963000000000001 0.0928271489759895
0.964000000000001 0.0833424170121411
0.965000000000001 0.093404453158337
0.966000000000001 0.0854390074767248
0.967000000000001 0.0912773108833285
0.968000000000001 0.0890145626774522
0.969000000000001 0.090664681159828
0.970000000000001 0.0871606933398589
0.971000000000001 0.0855946570205295
0.972000000000001 0.0848287373029137
0.973000000000001 0.0802888440815433
0.974000000000001 0.0806295616348087
0.975000000000001 0.0780494913177019
0.976000000000001 0.0756192864168907
0.977000000000001 0.078548196330392
0.978000000000001 0.0752538264173455
0.979000000000001 0.0739588716700376
0.980000000000001 0.0728719152549221
0.981000000000001 0.0735940576963368
0.982000000000001 0.0709587858947782
0.983000000000001 0.0710128688244995
0.984000000000001 0.0696154961661689
0.985000000000001 0.0680901159040848
0.986000000000001 0.0674172201693312
0.987000000000001 0.0655690690730612
0.988000000000001 0.0645940346691688
0.989000000000001 0.063117989937571
0.990000000000001 0.0616002849777787
0.991000000000001 0.0604384465412163
0.992000000000001 0.0590411743762966
0.993000000000001 0.0578642536505852
0.994000000000001 0.0566123767799193
0.995000000000001 0.0554008453655114
0.996000000000001 0.0541247077355009
0.997000000000001 0.0527799792794613
0.998000000000001 0.0515005068487769
0.999000000000001 0.0501635859978091
1.0 0.0488571904774529
1.001 0.0475102254444708
1.002 0.0463131228564022
1.003 0.0451401105555973
1.004 0.0439038368276275
1.005 0.0426631622390431
1.006 0.0414584027127514
1.007 0.0402301446028543
1.008 0.0389426568261961
1.009 0.0376950055266618
1.01 0.0365355550224939
1.011 0.0355162696966595
1.012 0.0344612787592226
1.013 0.0334492889153729
1.014 0.0324008409902127
1.015 0.031365174975633
1.016 0.0303752473417545
1.017 0.0293418306588514
1.018 0.0283212613859769
1.019 0.0272517049542827
1.02 0.026259955451718
1.021 0.0254081341624762
1.022 0.0245645698985384
1.023 0.0237025242964066
1.024 0.0228870798776946
1.025 0.022054608362527
1.026 0.0212216018642693
1.027 0.0203705133857434
1.028 0.0195476126747733
1.029 0.0187219281091338
1.03 0.0178900612138257
1.031 0.0172495758777306
1.032 0.0166157011909853
1.033 0.0159775717405303
1.034 0.015343244793249
1.035 0.0147084059233817
1.036 0.0141024188277116
1.037 0.0134686704516127
1.038 0.0128374992991844
1.039 0.0122053056448169
1.04 0.0115749161621826
