0.36 0.000471055177813484
0.361 0.000839104341014452
0.362 0.00140835967783316
0.363 0.0022362532784633
0.364 0.00336510049757263
0.365 0.00487138252241573
0.366 0.00677801756199716
0.367 0.00900062993596218
0.368 0.0118262517230843
0.369 0.0148401188096747
0.37 0.0183980752589555
0.371 0.0221340855860959
0.372 0.0262848157510638
0.373 0.0309121636643512
0.374 0.0352549127101066
0.375 0.0400832504873097
0.376 0.0452863626973587
0.377 0.0502537825412088
0.378 0.0555627473428689
0.379 0.0610033220426731
0.38 0.0663089593140195
0.381 0.0712930145280535
0.382 0.0764054761418658
0.383 0.081247246125317
0.384 0.0862043085463542
0.385 0.0913105842629606
0.386 0.0956908043278711
0.387 0.100557476880847
0.388 0.105182515695155
0.389 0.110297498289701
0.39 0.114613554442136
0.391 0.118595962871235
0.392 0.122455911717113
0.393 0.12639087808925
0.394 0.130385268160423
0.395 0.133678714049769
0.396 0.137419818721113
0.397 0.140588749113409
0.398 0.144656864329315
0.399 0.147721482415612
0.4 0.151066790401629
0.401 0.153680573593061
0.402 0.155646207310765
0.403 0.158034471679752
0.404 0.160721065453107
0.405 0.163214682618931
0.406 0.165700768289816
0.407 0.167793830994136
0.408 0.169611002794623
0.409 0.17219181429406
0.41 0.173385760004059
0.411 0.175287380142228
0.412 0.175973707241294
0.413 0.178822357939636
0.414 0.179786982377579
0.415 0.181260816643497
0.416 0.182198425256864
0.417 0.183683958314876
0.418 0.185415187065225
0.419 0.186368079815913
0.42 0.187395755064889
0.421 0.188463556768409
0.422 0.189536663624224
0.423 0.189886835823636
0.424 0.19072151608738
0.425 0.191071050844188
0.426 0.192187728855656
0.427 0.192752194789213
0.428 0.193872985626987
0.429 0.193455244094915
0.43 0.194579634013677
0.431 0.19427381891162
0.432 0.194766841060521
0.433 0.194710734432377
0.434 0.1962047648255
0.435 0.195646135926789
0.436 0.195087656920197
0.437 0.19557935889799
0.438 0.195270329945445
0.439 0.195503852251777
0.44 0.195954226803302
0.441 0.195825279497822
0.442 0.194931007733306
0.443 0.195305181334835
0.444 0.194904379801838
0.445 0.194781286419075
0.446 0.193353434140489
0.447 0.193213921001445
0.448 0.192298279186001
0.449 0.191901803282753
0.45 0.190722381269402
0.451 0.189715313797495
0.452 0.189220301607386
0.453 0.188205552933905
0.454 0.186929606772201
0.455 0.186178563928221
0.456 0.184650987196386
0.457 0.183367346951907
0.458 0.182341855963992
0.459 0.181052823771456
0.46 0.179260280447422
0.461 0.177717138486996
0.462 0.176199387227644
0.463 0.173639123901858
0.464 0.171563303701706
0.465 0.168999145532531
0.466 0.166435270397381
0.467 0.163823107867662
0.468 0.160467943936305
0.469 0.1570587490104
0.47 0.153699183978261
0.471 0.149586520996614
0.472 0.146184866884772
0.473 0.142061998341105
0.474 0.138459831879848
0.475 0.134501292038425
0.476 0.130625378335728
0.477 0.126745626095969
0.478 0.122755186744052
0.479 0.118597442173252
0.48 0.114848635288754
0.481 0.110431279368724
0.482 0.1062721748625
0.483 0.102238552757241
0.484 0.0980640296915998
0.485 0.0937357901784378
0.486 0.0899614702158153
0.487 0.0860362958741133
0.488 0.0821047847526378
0.489 0.0782656464593663
0.49 0.0748518861765862
0.491 0.0714233609796065
0.492 0.0683436149832435
0.493 0.0650880807088699
0.494 0.062183391269709
0.495 0.0596177196742774
0.496 0.0569704335702195
0.497 0.054588658776431
0.498 0.0524083790075732
0.499 0.0503557432887684
0.5 0.0479652513366487
0.501 0.0458768216009854
0.502 0.0434582067262858
0.503 0.0409876487888325
0.504 0.0382999502580652
0.505 0.035925882925448
0.506 0.0335031834262929
0.507 0.0311174360404368
0.508 0.0289245638949959
0.509 0.0267961805951726
0.51 0.0249370744865744
0.511 0.0231732852248775
0.512 0.0216210109691902
0.513 0.0201215378458467
0.514 0.0186508764048294
0.515 0.0173107886553766
0.516 0.0159880115805847
0.517 0.014678235650756
0.518 0.0134943738693517
0.519 0.0123479627138683
0.52 0.0112295616703835
0.521 0.0102285389752585
0.522 0.00926940515539545
0.523 0.00840327181622572
0.524 0.00762693711233148
0.525 0.00686661112176528
0.526 0.006179875028839
0.527 0.00561665647821041
0.528 0.0050725329773846
0.529 0.00463177323906265
0.53 0.0042289888627684
0.531 0.00390535311164461
0.532 0.00360395583082696
0.533 0.00336143531245525
0.534 0.00316961342665766
0.535 0.00298477847836818
0.536 0.00285092732452082
0.537 0.00273283588261595
0.538 0.0026542226119781
0.539 0.00257181985372174
0.54 0.00253403950372402
0.541 0.00250590173080515
0.542 0.00250539184876607
0.543 0.00251044832089366
0.544 0.00255216037877405
0.545 0.00261891183730961
0.546 0.00269937120289278
0.547 0.00281887343964211
0.548 0.00296488144702766
0.549 0.00310784871924976
0.55 0.00330326227236492
0.551 0.00353211317997255
0.552 0.00375721322075849
0.553 0.00401988324668261
0.554 0.00424571802341199
0.555 0.00447692866078645
0.556 0.00467512532762072
0.557 0.00485659108904161
0.558 0.00497070164135408
0.559 0.00506258306884062
0.56 0.00509211951872155
0.561 0.00506394534265607
0.562 0.00501918698699272
0.563 0.0049342824725648
0.564 0.00476984131194491
0.565 0.00457125110552308
0.566 0.00434428967473044
0.567 0.0041221049950764
0.568 0.00383798936579038
0.569 0.0035336138442191
0.57 0.00324881812022774
0.571 0.00293995203338756
0.572 0.00262706137066033
0.573 0.00232786970883174
0.574 0.00203953480789984
0.575 0.00177306091556087
0.576 0.00152983672439569
0.577 0.00129801973528194
0.578 0.00109702310102402
0.579 0.000922839419989976
0.58 0.000761670578719419
0.581 0.000626170436779562
0.582 0.00051719492624263
0.583 0.000421913577635409
0.584 0.000347632087402753
0.585 0.000284526373791551
0.586 0.00023762780003537
0.587 0.00019905704532447
0.588 0.000168328059108419
0.589 0.000146049447644118
0.59 0.000128615525978405
0.591 0.000116452342502299
0.592 0.000106437471068634
0.593 0.00010036398309001
0.594 9.48681377910198e-05
0.595 9.27908950184866e-05
0.596 9.04949179213577e-05
0.597 8.93686020432829e-05
0.598 8.94139014738345e-05
0.599 8.92675805637339e-05
0.6 8.87254283957339e-05
0.601 8.7865292686111e-05
0.602 8.79867086797672e-05
0.603 8.74196580291551e-05
0.604 8.6754388473571e-05
0.605 8.50048160531235e-05
0.606 8.29593935851806e-05
0.607 8.07089253278294e-05
0.608 7.92504471282943e-05
0.609 7.73744753432893e-05
0.61 7.53182573714912e-05
0.611 7.29845827283992e-05
0.612 6.98365947222729e-05
0.613 6.69003092182462e-05
0.614 6.39608575021982e-05
0.615 6.20507879386848e-05
0.616 5.88004233457767e-05
0.617 5.61439313167761e-05
0.618 5.34845739981689e-05
0.619 5.05802295942763e-05
0.62 4.67142731224587e-05
0.621 4.40385453732996e-05
0.622 4.14069168123682e-05
0.623 3.78229005538275e-05
0.624 3.51367091413319e-05
0.625 3.25209717394747e-05
0.626 2.97938534843459e-05
0.627 2.7335595811267e-05
0.628 2.50560878361634e-05
0.629 2.27094683492567e-05
0.63 2.06348113855885e-05
0.631 1.83457573939426e-05
0.632 1.65991680184667e-05
0.633 1.5308855839276e-05
0.634 1.35558194622224e-05
0.635 1.19531248085171e-05
0.636 1.09865325986981e-05
0.637 9.8066643879176e-06
0.638 9.12202383690298e-06
0.639 8.21297194640433e-06
0.64 7.39450901359956e-06
0.641 6.87915674461288e-06
0.642 6.34718223695433e-06
0.643 5.64693613935952e-06
0.644 5.61800838895551e-06
0.645 5.10607395409087e-06
0.646 4.74051404511472e-06
0.647 4.71126428919525e-06
0.648 4.28417978180207e-06
0.649 4.20287840303255e-06
0.65 3.98925764910742e-06
0.651 4.02133972234701e-06
0.652 3.93060977741735e-06
0.653 3.81331822521891e-06
0.654 3.87616252743352e-06
0.655 3.75440580762787e-06
0.656 3.90962019720978e-06
0.657 3.81857908210151e-06
0.658 3.73160176179398e-06
0.659 3.88713275288835e-06
0.66 3.70329610597706e-06
0.661 4.07489309720702e-06
0.662 4.05422965560224e-06
0.663 4.21027495557545e-06
0.664 4.7070550232189e-06
0.665 4.71370501017876e-06
0.666 4.8392420567618e-06
0.667 5.24411919254081e-06
0.668 5.55612339401966e-06
0.669 5.69455037032587e-06
0.67 6.1009420264583e-06
0.671 6.44515957174104e-06
0.672 6.97643825833061e-06
0.673 7.11083181364215e-06
0.674 7.64316324800306e-06
0.675 7.7701180027783e-06
0.676 8.24049531531457e-06
0.677 8.7423513834221e-06
0.678 9.014385664775e-06
0.679 9.89351487244731e-06
0.68 1.00528302597352e-05
0.681 1.03683970705638e-05
0.682 1.05587697557686e-05
0.683 1.0980626319046e-05
0.684 1.13283301563689e-05
0.685 1.14564487194379e-05
0.686 1.13962547789145e-05
0.687 1.18384588159345e-05
0.688 1.16467183416572e-05
0.689 1.13344705630054e-05
0.69 1.13369974192899e-05
0.691 1.11498110872547e-05
0.692 1.0521517700656e-05
0.693 1.0786977632457e-05
0.694 9.9369139023659e-06
0.695 9.24433259833684e-06
0.696 9.18262347097017e-06
0.697 8.11096802329944e-06
0.698 7.93145492225648e-06
0.699 7.61658312704808e-06
0.7 6.98551233502932e-06
0.701 6.51172297491194e-06
0.702 6.16433105772496e-06
0.703 5.72202854336857e-06
0.704 5.40614388345732e-06
0.705 4.40425497490787e-06
0.706 4.49951130618459e-06
0.707 3.73918912527315e-06
0.708 3.58090033468725e-06
0.709 3.3592162685699e-06
0.71 3.04242837855768e-06
0.711 2.44016535871122e-06
0.712 2.56680515918184e-06
0.713 2.22053302872161e-06
0.714 1.96665694589497e-06
0.715 2.06171177903038e-06
0.716 1.61756744431532e-06
0.717 1.49061918987521e-06
0.718 1.20773454399568e-06
0.719 1.3030096993319e-06
0.72 1.11226350705353e-06
0.721 8.8969115141497e-07
0.722 8.57801008588629e-07
0.723 9.85818044710317e-07
0.724 7.31313694403294e-07
0.725 7.31212285595628e-07
0.726 3.81449119642553e-07
0.727 4.44962167761896e-07
0.728 6.05099774441904e-07
0.729 5.0948488229843e-07
0.73 2.54706008378382e-07
0.731 3.50129038588097e-07
0.732 2.86393261092356e-07
0.733 3.49943357583141e-07
0.734 2.54436718084082e-07
0.735 9.54913324895081e-08
0.736 2.22753043493905e-07
0.737 1.27253123540707e-07
0.738 2.54437574022178e-07
0.739 2.54367899009366e-07
0.74 1.58936382354737e-07
0.741 6.35489311264983e-08
0.742 1.27046412783012e-07
0.743 3.17486640550119e-07
0.744 6.34714489776623e-08
0.745 1.90747801404909e-07
0.746 3.17782300385283e-08
0.747 2.22355938803458e-07
0.748 1.27008151773485e-07
0.749 6.34778321613847e-08
0.751 5.27983627128974e-20
0.752 1.58415143603418e-07
0.753 3.1695743574e-08
0.754 1.90045618277785e-07
0.755 9.49584020323125e-08
0.756 6.32626729443929e-08
0.757 1.89658501480511e-07
0.758 1.054362389377e-20
0.759 3.16345512251557e-08
0.76 1.26451526263012e-07
0.761 1.26341293872543e-07
0.762 1.26231094679189e-07
0.763 1.57651160879986e-07
0.764 9.45077932222337e-08
0.765 6.30175084631714e-08
0.766 3.14810819501509e-08
0.767 6.29067838357315e-08
0.768 1.25702420924274e-07
0.77 5.57244181114675e-20
0.771 1.25345670422847e-07
0.772 1.8781643505132e-07
0.773 6.25381461150087e-08
0.774 3.12354192576634e-08
0.775 1.25074413042655e-07
0.776 3.12347711567064e-08
0.777 6.2401903494168e-08
0.778 1.24668382230076e-07
0.779 1.3825908451469e-20
0.78 3.10992736176447e-08
0.781 3.10672340587159e-07
0.782 2.17245616028254e-07
0.783 1.55014569498135e-07
0.784 9.29122135006347e-08
0.785 1.23886640001231e-07
0.786 1.54696613597572e-07
0.787 3.09069837913451e-08
0.788 6.1749286440683e-08
0.789 6.16844507589849e-08
0.79 6.16195114651255e-08
0.791 2.15383564772193e-07
0.792 3.07284043158422e-07
0.793 1.53438023301221e-07
0.794 1.53234020338721e-07
0.795 2.14242017805485e-07
0.796 3.05978407821996e-08
0.797 3.97239318055044e-07
0.798 6.10317998267226e-08
0.799 4.57123930021327e-07
0.8 9.13014725081289e-08
0.801 1.2142887265968e-07
0.802 9.08420991208997e-08
0.803 1.81225452145813e-07
0.804 6.02555304130439e-08
0.805 2.67694124829331e-08
0.806 1.06805780715626e-07
0.807 7.99004842167424e-08
0.808 1.17974884214467e-20
0.809 2.64977489894312e-08
0.81 7.92899850877038e-08
0.811 1.58120778473435e-07
0.812 5.25540534187306e-08
0.813000000000001 1.04802743714204e-07
0.814000000000001 1.30621998500652e-07
0.815000000000001 5.20962959011042e-08
0.816000000000001 1.44298230287623e-07
0.817000000000001 6.61050289998489e-08
0.818000000000001 2.00317497773927e-08
0.819000000000001 3.60799247502418e-08
0.820000000000001 3.21192844273563e-08
0.821000000000001 4.22908038188644e-08
0.822000000000001 2.42877486029526e-08
0.823000000000001 3.0601546940903e-08
0.824000000000001 3.67122505131202e-21
0.825000000000001 6.35641960030764e-09
0.826000000000001 6.34015345693186e-09
0.827000000000001 1.40418385447579e-20
0.828000000000001 3.15380246603018e-08
0.829000000000001 3.14564967236687e-08
0.830000000000001 6.27498860853008e-09
0.831000000000001 2.77844256264183e-21
0.832000000000001 6.23799041632874e-09
0.833000000000001 1.24389322555056e-08
0.834000000000001 6.20093733868404e-09
0.835000000000001 1.23779482886091e-08
0.836000000000001 1.23407965105459e-08
0.837000000000001 3.07590676267497e-09
0.838000000000001 3.06661233612955e-09
0.839000000000001 9.17194114350286e-09
