0.8 0.000341577916893309
0.801 0.000494640656672066
0.802 0.000647300943995265
0.803 0.000799557596382244
0.804 0.000951407205818158
0.805 0.0022104162431456
0.806 0.00251313913376973
0.807 0.00281504145308046
0.808 0.00311612257966655
0.809 0.00341638547465387
0.81 0.00371582920886729
0.811 0.00401310406251967
0.812 0.00430935300318571
0.813000000000001 0.00460457491578355
0.814000000000001 0.00489876098824325
0.815000000000001 0.00519190464854502
0.816000000000001 0.00713682078840977
0.817000000000001 0.00924999950924394
0.818000000000001 0.011536007719471
0.819000000000001 0.0139939200099825
0.820000000000001 0.0166228052770338
0.821000000000001 0.0278902743795516
0.822000000000001 0.041117832349997
0.823000000000001 0.0562975667189184
0.824000000000001 0.0734214558505898
0.825000000000001 0.0926781858326151
0.826000000000001 0.105777028652757
0.827000000000001 0.118840063679236
0.828000000000001 0.131867095556376
0.829000000000001 0.144857391882633
0.830000000000001 0.157811197407991
0.831000000000001 0.17066894870697
0.832000000000001 0.183480265845351
0.833000000000001 0.196244720791205
0.834000000000001 0.208962458362016
0.835000000000001 0.249602376047545
0.836000000000001 0.24916167111086
0.837000000000001 0.248719323641885
0.838000000000001 0.248275519518129
0.839000000000001 0.247830081391495
0.840000000000001 0.247382483255173
0.841000000000001 0.246823622044254
0.842000000000001 0.2462630457348
0.843000000000001 0.245700213727285
0.844000000000001 0.245135306607166
0.845000000000001 0.245087935900113
0.846000000000001 0.244518384425649
0.847000000000001 0.243946257509994
0.848000000000001 0.243372406530443
0.849000000000001 0.242796829193127
0.850000000000001 0.242219180271037
0.851000000000001 0.241441869190697
0.852000000000001 0.24096346134492
0.853000000000001 0.240456379640557
0.854000000000001 0.239756247214074
0.855000000000001 0.239228847222704
0.856000000000001 0.238964703369161
0.857000000000001 0.238247732629153
0.858000000000001 0.237738707642649
0.859000000000001 0.237073591990794
0.860000000000001 0.236476363244168
0.861000000000001 0.235708944182914
0.862000000000001 0.234963830599176
0.863000000000001 0.234202680623228
0.864000000000001 0.233460635729592
0.865000000000001 0.232695038855775
0.866000000000001 0.231929135128761
0.867000000000001 0.231164975069238
0.868000000000001 0.230395991808337
0.869000000000001 0.229621823015
0.870000000000001 0.228844757559548
0.871000000000001 0.227952177771999
0.872000000000001 0.227057597530012
0.873000000000001 0.226158725573982
0.874000000000001 0.225256617076368
0.875000000000001 0.224825937662304
0.876000000000001 0.223908418326252
0.877000000000001 0.223000185076359
0.878000000000001 0.222037563171211
0.879000000000001 0.221160981289234
0.880000000000001 0.220175431275046
0.881000000000001 0.219156558966168
0.882000000000001 0.218065051274692
0.883000000000001 0.217013906140368
0.884000000000001 0.216037952436924
0.885000000000001 0.215124919872709
0.886000000000001 0.213848862281043
0.887000000000001 0.213104143721261
0.888000000000001 0.211674681616142
0.889000000000001 0.210862179770134
0.890000000000001 0.209680649990082
0.891000000000001 0.208414754585937
0.892000000000001 0.207272554887976
0.893000000000001 0.204108366814977
0.894000000000001 0.202026696690963
0.895000000000001 0.197434359040376
0.896000000000001 0.190371961458163
0.897000000000001 0.189675808383995
0.898000000000001 0.186898846318914
0.899000000000001 0.177051933613818
0.900000000000001 0.179167690361067
0.901000000000001 0.177837847133718
0.902000000000001 0.181094685590715
0.903000000000001 0.190086621818875
0.904000000000001 0.188002851844021
0.905000000000001 0.187236451443878
0.906000000000001 0.182964779772543
0.907000000000001 0.169288200590277
0.908000000000001 0.16858979843846
0.909000000000001 0.177936977100589
0.910000000000001 0.166558730169805
0.911000000000001 0.170365079227186
0.912000000000001 0.156668391862942
0.913000000000001 0.134862560283176
0.914000000000001 0.145708163409743
0.915000000000001 0.123128640698328
0.916000000000001 0.128779831456731
0.917000000000001 0.111596482842351
0.918000000000001 0.11044728686669
0.919000000000001 0.103428808653666
0.920000000000001 0.098841062198271
0.921000000000001 0.087355995070427
0.922000000000001 0.0811359920847298
0.923000000000001 0.0720955484444329
0.924000000000001 0.0627558314426405
0.925000000000001 0.0559377360680728
0.926000000000001 0.0477865427258781
0.927000000000001 0.0399899630885958
0.928000000000001 0.030057707985871
0.929000000000001 0.0231900979312581
0.930000000000001 0.0153844608774873
0.931000000000001 0.0120516914740106
0.932000000000001 0.0115011158784411
0.933000000000001 0.0103821698727128
0.934000000000001 0.00764732387871126
0.935000000000001 0.0097247114879778
0.936000000000001 0.00810237723008963
0.937000000000001 0.00793734260279689
0.938000000000001 0.00670493944623771
0.939000000000001 0.00905960894029003
0.940000000000001 0.00755885859653675
0.941000000000001 0.00680453044697387
0.942000000000001 0.0056222680667955
0.943000000000001 0.00511618172005945
0.944000000000001 0.00338629522690988
0.945000000000001 0.00386749729939387
0.946000000000001 0.00322988035242602
0.947000000000001 0.00276198164362914
0.948000000000001 0.00212643790456837
0.949000000000001 0.00165747500938942
