0.52 0.00272562176465652
0.521 0.00395503507043364
0.522 0.00517996170448607
0.523 0.00641158726238042
0.524 0.00765427380449082
0.525 0.00889103033694755
0.526 0.0101174945162413
0.527 0.0113703045778411
0.528 0.0126127847005244
0.529 0.0138405058327026
0.53 0.0151035316527448
0.531 0.0163639795875255
0.532 0.0176071124559491
0.533 0.0188736326969829
0.534 0.0201201547953057
0.535 0.0214185492660684
0.536 0.0226967029719138
0.537 0.0239503853947603
0.538 0.0252650897165284
0.539 0.0265236280810399
0.54 0.0278160208970829
0.541 0.0389806935903048
0.542 0.0501078369753239
0.543 0.0612304468510672
0.544 0.0725204042056035
0.545 0.0837605065237633
0.546 0.0949106731110195
0.547 0.106056624461784
0.548 0.11747643469355
0.549 0.128793730707648
0.55 0.139968740354446
0.551 0.149974646927406
0.552 0.159821756405398
0.553 0.170071983513495
0.554 0.1799509625817
0.555 0.190058292203199
0.556 0.199960179675345
0.557 0.210358160542792
0.558 0.220292459105466
0.559 0.230503083860622
0.56 0.240461199495185
0.561 0.240466678282551
0.562 0.24103440333016
0.563 0.241042534579317
0.564 0.241331256854358
0.565 0.241339344080414
0.566 0.241349426373916
0.567 0.241640637642414
0.568 0.24165118229051
0.569 0.242223529644056
0.57 0.242236438788915
0.571 0.242617400813542
0.572 0.242717626637102
0.573 0.243381211870484
0.574 0.243483790268949
0.575 0.24386760165482
0.576 0.243970209331403
0.577 0.244637865851372
0.578 0.244742686580171
0.579 0.245129220934847
0.58 0.245234845421035
0.581 0.245274134222419
0.582 0.245595356037013
0.583 0.245634617116515
0.584 0.246239395243627
0.585 0.246280466112859
0.586 0.246321500036673
0.587 0.246645027005547
0.588 0.246687672831311
0.589 0.247294881469131
0.59 0.247337549958476
0.591 0.24746122781739
0.592 0.24786808331052
0.593 0.247992400077063
0.594 0.248116668068822
0.595 0.248808393582694
0.596 0.248934240236745
0.597 0.24906003848128
0.598 0.249186282795932
0.599 0.249596853549914
0.6 0.249723887868788
0.601 0.249784276866871
0.602 0.250129439390643
0.603 0.250190940487482
0.604 0.250820510892979
0.605 0.250882269601234
0.606 0.250944784866206
0.607 0.25129152574599
0.608 0.251354030071084
0.609 0.251985839240599
0.61 0.252049286479401
0.611 0.252182501297317
0.612 0.252600448995457
0.613 0.252734501491155
0.614 0.252868506404041
0.615 0.253572931480205
0.616 0.253707410375181
0.617 0.253842242655639
0.618 0.25397702736561
0.619 0.254397604468258
0.62 0.254532898423656
0.621 0.254644650117722
0.622 0.255042603554447
0.623 0.255154487863126
0.624 0.255266690343014
0.625 0.255952092394019
0.626 0.256064463717841
0.627 0.25617702799975
0.628 0.256289707108777
0.629 0.256689469373253
0.63 0.256802191475119
0.631 0.256901050821277
0.632 0.256999869138377
0.633 0.257673811156137
0.634 0.257772853308486
0.635 0.257871981909637
0.636 0.257971069306453
0.637 0.25807011547152
0.638 0.25845734204559
0.639 0.25855652423866
0.64 0.258655665084762
0.641 0.258729346589427
0.642 0.259380043337082
0.643 0.259453822619222
0.644 0.25952756144632
0.645 0.259889991675288
0.646 0.259963673441775
0.647 0.26003731466338
0.648 0.260110915323699
0.649 0.260762528655307
0.65 0.260836077057023
0.651 0.260926623205724
0.652 0.261017055531623
0.653 0.261396813825489
0.654 0.261487154628454
0.655 0.261577453810136
0.656 0.261667493514042
0.657 0.26175743707954
0.658 0.262137313845029
0.659 0.262227209520249
0.66 0.262316807506703
0.661 0.262398419138331
0.662 0.263060702844418
0.663 0.263142184723458
0.664 0.263223471693162
0.665 0.263595345963942
0.666 0.263676650528683
0.667 0.263757474181043
0.668 0.263838261727189
0.669 0.264500973485077
0.67 0.26458166951477
0.671 0.264656310916898
0.672 0.264730916052723
0.673 0.265096800069988
0.674 0.265170969828677
0.675 0.265244992062709
0.676 0.2653189779552
0.677 0.265392809853883
0.678 0.266049576911756
0.679 0.266123026632284
0.68 0.266196439899525
0.681 0.255294368957988
0.682 0.244386955771493
0.683 0.233730474505403
0.684 0.222800953213901
0.685 0.211865832482753
0.686 0.20092570409105
0.687 0.189980572510353
0.688 0.179422417695799
0.689 0.168442826422439
0.69 0.157458297490135
0.691 0.144884550851331
0.692 0.132306510008245
0.693 0.119855307027299
0.694 0.10725557862871
0.695 0.094651869607541
0.696 0.0820440585035121
0.697 0.0694324110943886
0.698 0.0568789596018359
0.699 0.0442457111114794
0.7 0.0316086530996804
0.701 0.0301878419468006
0.702 0.0287668782693833
0.703 0.0273456060221758
0.704 0.0259241987393871
0.705 0.0245560978816799
0.706 0.0231312905177103
0.707 0.0217063097526448
0.708 0.0202812054353967
0.709 0.0188559781113123
0.71 0.017430579252154
0.711 0.0160036818980403
0.712 0.0145769181879464
0.713 0.0131645886702781
0.714 0.0117365011287274
0.715 0.0103085588951521
0.716 0.00888076243937799
0.717 0.00745309594937606
0.718 0.00603867271997778
0.719 0.00460820503422233
