1.14799999999998 0.000692279915340882
1.14899999999998 0.000730583661383581
1.14999999999998 0.000963300599006219
1.15099999999998 0.00122023198290343
1.15199999999998 0.00109092809600257
1.15299999999998 0.00179776703952202
1.15399999999998 0.00188791232141166
1.15499999999998 0.00249316313894427
1.15599999999998 0.00342906843318213
1.15699999999998 0.0037685093605278
1.15799999999998 0.00501129994313367
1.15899999999998 0.00600141287701726
1.15999999999998 0.00666164186697825
1.16099999999998 0.00872007470040288
1.16199999999998 0.0101063064232612
1.16299999999998 0.0123029284481364
1.16399999999998 0.015040871037369
1.16499999999998 0.0165374109223494
1.16599999999998 0.0211605388699794
1.16699999999998 0.0261599530916431
1.16799999999998 0.032581957621333
1.16899999999998 0.0410623625554711
1.16999999999998 0.0507060689484969
1.17099999999998 0.0624978571972138
1.17199999999998 0.0757149433996169
1.17299999999998 0.0877285049651289
1.17399999999998 0.103471608030077
1.17499999999998 0.122141561831759
1.17599999999998 0.143439350391916
1.17699999999998 0.144359806353071
1.17799999999998 0.168202384767808
1.17899999999998 0.175778435788897
1.17999999999998 0.192813547563813
1.18099999999998 0.183981290237527
1.18199999999998 0.196222634316921
1.18299999999998 0.213897620364983
1.18399999999998 0.205413690368314
1.18499999999998 0.216361302953553
1.18599999999998 0.222805588797547
1.18699999999998 0.215791554409297
1.18799999999998 0.214059302695675
1.18899999999998 0.225620763933199
1.18999999999998 0.224100153713745
1.19099999999998 0.225404953335302
1.19199999999998 0.230107446982081
1.19299999999998 0.222318181559539
1.19399999999998 0.229335146683192
1.19499999999998 0.22334789249881
1.19599999999998 0.229433356581013
1.19699999999998 0.227247957321666
1.19799999999998 0.226398679845065
1.19899999999998 0.229407450660428
1.19999999999998 0.232339106926267
1.20099999999998 0.229225477372224
1.20199999999998 0.240404597060106
1.20299999999998 0.218968453830932
1.20399999999998 0.2359290215577
1.20499999999998 0.233914170525949
1.20599999999998 0.23795695094067
1.20699999999998 0.234359127026693
1.20799999999998 0.234521246007776
1.20899999999998 0.229888309832708
1.20999999999998 0.240560121228597
1.21099999999998 0.230406290287538
1.21199999999998 0.236705664124746
1.21299999999998 0.239318413986904
1.21399999999998 0.233822215483199
1.21499999999998 0.240576177641723
1.21599999999998 0.240211721656841
1.21699999999998 0.24411833678787
1.21799999999998 0.242819796395919
1.21899999999998 0.242697822915665
1.21999999999998 0.246718372165919
1.22099999999998 0.244451483220648
1.22199999999998 0.247579838185938
1.22299999999998 0.247991410523335
1.22399999999998 0.251309124286588
1.22499999999998 0.252228512573003
1.22599999999998 0.253414556480073
1.22699999999998 0.25203136576155
1.22799999999998 0.25622344055824
1.22899999999998 0.256619937032521
1.22999999999998 0.257967691807896
1.23099999999998 0.258752950384619
1.23199999999998 0.258959901177422
1.23299999999998 0.25893949087638
1.23399999999997 0.260598652963496
1.23499999999997 0.260895072196107
1.23599999999997 0.261134861311737
1.23699999999997 0.261798757433117
1.23799999999997 0.2619622924965
1.23899999999997 0.262246573934049
1.23999999999997 0.261970581935182
1.24099999999997 0.262022542230834
1.24199999999997 0.262163693033733
1.24299999999997 0.262122122529453
1.24399999999997 0.2619648645331
1.24499999999997 0.261814077326095
1.24599999999997 0.26139192107517
1.24699999999997 0.261253059256241
1.24799999999997 0.260591340572618
1.24899999999997 0.260080336123343
1.24999999999997 0.260475315011958
1.25099999999997 0.259181329757456
1.25199999999997 0.258536492145201
1.25299999999997 0.260450858528682
1.25399999999997 0.257449713105876
1.25499999999997 0.256520987052298
1.25599999999997 0.261136331605452
1.25699999999997 0.256490959682999
1.25799999999997 0.261036344680416
1.25899999999997 0.253903246845299
1.25999999999997 0.251234799256117
1.26099999999997 0.252672840160352
1.26199999999997 0.24219861133988
1.26299999999997 0.250215810019067
1.26399999999997 0.234968260312575
1.26499999999997 0.24568938688511
1.26599999999997 0.236290606465071
1.26699999999997 0.251644922336392
1.26799999999997 0.192500658124808
1.26899999999997 0.221715195875541
1.26999999999997 0.252931657008888
1.27099999999997 0.253316932324518
1.27199999999997 0.251059457821893
1.27299999999997 0.252322844830078
1.27399999999997 0.250815553686703
1.27499999999997 0.25492935352463
1.27599999999997 0.255073083388763
1.27699999999997 0.255860757939208
1.27799999999997 0.255026506668011
1.27899999999997 0.257938577075691
1.27999999999997 0.257041798547459
1.28099999999997 0.26048015816794
1.28199999999997 0.258965806599131
1.28299999999997 0.260550177534738
1.28399999999997 0.258900256165803
1.28499999999997 0.260762758652577
1.28599999999997 0.259780160757235
1.28699999999997 0.260399032392749
1.28799999999997 0.258016039843682
1.28899999999997 0.259773622860781
1.28999999999997 0.259300203242712
1.29099999999997 0.256938547074839
1.29199999999997 0.257777363157394
1.29299999999997 0.258070415295248
1.29399999999997 0.257431539015647
1.29499999999997 0.254586739264107
1.29599999999997 0.255073424560785
1.29699999999997 0.251212932378996
1.29799999999997 0.256047665612256
1.29899999999997 0.25079805643057
1.29999999999997 0.249168789219466
1.30099999999997 0.251176884477171
1.30199999999997 0.24864702118704
1.30299999999997 0.246132949228911
1.30399999999997 0.237684146299138
1.30499999999997 0.250377371549163
1.30599999999997 0.239209064909173
1.30699999999997 0.248630444493639
1.30799999999997 0.241306412674873
1.30899999999997 0.233975959950529
1.30999999999997 0.237450734320254
1.31099999999997 0.25089635551285
1.31199999999997 0.234394109898954
1.31299999999997 0.227350731610504
1.31399999999997 0.2350381613539
1.31499999999997 0.237690150096733
1.31599999999997 0.239376160662275
1.31699999999997 0.245241939617905
1.31799999999997 0.227602955950734
1.31899999999997 0.238590816782296
1.31999999999997 0.218637328099578
1.32099999999997 0.22709631038536
1.32199999999997 0.224087294784839
1.32299999999997 0.224752121582821
1.32399999999996 0.217152584741211
1.32499999999996 0.211656275246136
1.32599999999996 0.211665180090792
1.32699999999996 0.193428866539604
1.32799999999996 0.167874118521903
1.32899999999996 0.173513708938356
1.32999999999996 0.150665157306451
1.33099999999996 0.123106323954818
1.33199999999996 0.121394475030155
1.33299999999996 0.107675213688344
1.33399999999996 0.103881571554888
1.33499999999996 0.0958747952752557
1.33599999999996 0.0804338264329692
1.33699999999996 0.0610416632223525
1.33799999999996 0.0583905177943714
1.33899999999996 0.0512816236507292
1.33999999999996 0.0334769784892517
1.34099999999996 0.0316780845748541
1.34199999999996 0.0274430934982014
1.34299999999996 0.0208997215061943
1.34399999999996 0.0102837692530809
1.34499999999996 0.01231271729298
1.34599999999996 0.0092285054291832
1.34699999999996 0.00555573148499606
1.34799999999996 0.00282025473474856
1.34899999999996 0.00464097683962179
1.34999999999996 0.00154305915748137
1.35099999999996 0.00166836303633292
1.35199999999996 0.00135552262199676
1.35299999999996 0.000587392984468265
1.35399999999996 0.000160269982483409
1.35499999999996 0.000154532735721886
1.35599999999996 0.000451545374172652
1.35699999999996 7.36136426978537e-05
1.35799999999996 0.00012419966693922
1.35899999999996 5.0656321376838e-05
1.35999999999996 6.17324934756441e-05
1.36099999999996 1.11829158350967e-06
1.36199999999996 1.90787924675382e-06
