0.8 0.034157791689324
0.801 0.0341131487359998
0.802 0.0340684707365893
0.803 0.0340237275056245
0.804 0.0339788287792175
0.805 0.068012807481399
0.806 0.0679226792910701
0.807 0.0678323241706102
0.808 0.0677417952101395
0.809 0.0676511975178957
0.81 0.0675605310703119
0.811 0.0674471271011686
0.812 0.0673336406747746
0.813000000000001 0.0672200717632615
0.814000000000001 0.0671063149074399
0.815000000000001 0.0669923180457405
0.816000000000001 0.0870343998586536
0.817000000000001 0.106936410511488
0.818000000000001 0.12676931559858
0.819000000000001 0.146533193821803
0.820000000000001 0.166228052770301
0.821000000000001 0.185935162530316
0.822000000000001 0.205589161749962
0.823000000000001 0.225190266875654
0.824000000000001 0.244738186168615
0.825000000000001 0.264794816664598
0.826000000000001 0.264442571631878
0.827000000000001 0.26408903039829
0.828000000000001 0.263734191112741
0.829000000000001 0.263377076150232
0.830000000000001 0.263018662346642
0.831000000000001 0.262567613395329
0.832000000000001 0.26211466549335
0.833000000000001 0.261659627721598
0.834000000000001 0.261203072952512
0.835000000000001 0.293649854173582
0.836000000000001 0.293131377777482
0.837000000000001 0.292610968990453
0.838000000000001 0.292088846491916
0.839000000000001 0.291564801637053
0.840000000000001 0.291038215594321
0.841000000000001 0.290380731816769
0.842000000000001 0.289721230276235
0.843000000000001 0.289059074973276
0.844000000000001 0.288394478361372
0.845000000000001 0.288338748117779
0.846000000000001 0.287668687559587
0.847000000000001 0.286995597070581
0.848000000000001 0.286320478271109
0.849000000000001 0.285643328462502
0.850000000000001 0.284963741495338
0.851000000000001 0.284049257871408
0.852000000000001 0.283486425111671
0.853000000000001 0.282889858400655
0.854000000000001 0.282066173193028
0.855000000000001 0.281445702614946
0.856000000000001 0.281134945140189
0.857000000000001 0.280291450151945
0.858000000000001 0.279692597226646
0.859000000000001 0.278910108224463
0.860000000000001 0.278207486169609
0.861000000000001 0.277304640215193
0.862000000000001 0.276428035999031
0.863000000000001 0.275532565439092
0.864000000000001 0.274659571446579
0.865000000000001 0.273758869242089
0.866000000000001 0.272857806033836
0.867000000000001 0.271958794199103
0.868000000000001 0.271054108009809
0.869000000000001 0.270143321194117
0.870000000000001 0.269229126540644
0.871000000000001 0.26817903267294
0.872000000000001 0.267126585329426
0.873000000000001 0.266069088910567
0.874000000000001 0.265007784795727
0.875000000000001 0.264501103132123
0.876000000000001 0.26342166861912
0.877000000000001 0.262353158913364
0.878000000000001 0.261220662554365
0.879000000000001 0.26018938975204
0.880000000000001 0.259029919147113
0.881000000000001 0.25783124584255
0.882000000000001 0.256547119146697
0.883000000000001 0.255310477812198
0.884000000000001 0.254162296984616
0.885000000000001 0.253088141026716
0.886000000000001 0.251586896801227
0.887000000000001 0.250710757319131
0.888000000000001 0.249029037195461
0.889000000000001 0.248073152670746
0.890000000000001 0.24668311763539
0.891000000000001 0.245193828924632
0.892000000000001 0.243850064574089
0.893000000000001 0.240127490370561
0.894000000000001 0.237678466695251
0.895000000000001 0.23227571651809
0.896000000000001 0.223967013480192
0.897000000000001 0.223148009863523
0.898000000000001 0.219880995669311
0.899000000000001 0.208296392486845
0.900000000000001 0.210785518071843
0.901000000000001 0.209220996627903
0.902000000000001 0.213052571283195
0.903000000000001 0.223631319786912
0.904000000000001 0.221179825698848
0.905000000000001 0.220278178169268
0.906000000000001 0.215252682085344
0.907000000000001 0.199162588929738
0.908000000000001 0.198340939339364
0.909000000000001 0.209337620118341
0.910000000000001 0.195951447258598
0.911000000000001 0.209036907027227
0.912000000000001 0.200856912644802
0.913000000000001 0.181023570849906
0.914000000000001 0.205222765365841
0.915000000000001 0.182412801034566
0.916000000000001 0.201218486651149
0.917000000000001 0.184456996433644
0.918000000000001 0.193767169941568
0.919000000000001 0.193324875988168
0.920000000000001 0.197682124396551
0.921000000000001 0.189904337109633
0.922000000000001 0.193180933535081
0.923000000000001 0.189725127485361
0.924000000000001 0.184575974831308
0.925000000000001 0.186459120226923
0.926000000000001 0.183794395099547
0.927000000000001 0.181772559493636
0.928000000000001 0.166987266588193
0.929000000000001 0.16564355665187
0.930000000000001 0.153844608774876
0.931000000000001 0.126195722240952
0.932000000000001 0.126385888774081
0.933000000000001 0.120025085233678
0.934000000000001 0.0932600473013596
0.935000000000001 0.125480148231976
0.936000000000001 0.110991468905341
0.937000000000001 0.115873614639375
0.938000000000001 0.104764678847468
0.939000000000001 0.152262335130931
0.940000000000001 0.137433792664311
0.941000000000001 0.134743177167806
0.942000000000001 0.122223218843387
0.943000000000001 0.123281487230356
0.944000000000001 0.0915214926191922
0.945000000000001 0.118999916904436
0.946000000000001 0.115352869729511
0.947000000000001 0.117531133771465
0.948000000000001 0.111917784450981
0.949000000000001 0.114308621337221
0.950000000000001 0.10214250348607
0.951000000000001 0.120547616284395
0.952000000000001 0.105074579953976
0.953000000000001 0.112941825449324
0.954000000000001 0.105958834031289
0.955000000000001 0.106359318721683
0.956000000000001 0.103673131412103
0.957000000000001 0.116776087938415
0.958000000000001 0.107689873622573
0.959000000000001 0.0962398065597477
0.960000000000001 0.105458171751965
0.961000000000001 0.112109021991273
0.962000000000001 0.100128136294119
0.963000000000001 0.109208410559988
0.964000000000001 0.0980499023672247
0.965000000000001 0.109887591950985
0.966000000000001 0.100516479384382
0.967000000000001 0.107385071627445
0.968000000000001 0.10472301491465
0.969000000000001 0.106664330776268
0.970000000000001 0.10254199216454
0.971000000000001 0.100699596494741
0.972000000000001 0.0997985144740161
0.973000000000001 0.0944574636253451
0.974000000000001 0.0948583078056573
0.975000000000001 0.0918229309620022
0.976000000000001 0.0889638663728126
0.977000000000001 0.0924096427416376
0.978000000000001 0.0885339134321711
0.979000000000001 0.0870104372588678
0.980000000000001 0.0857316650057907
0.981000000000001 0.0865812443486315
0.982000000000001 0.083480924582092
0.983000000000001 0.0835445515582347
0.984000000000001 0.0819005837249046
0.985000000000001 0.0801060187106879
0.986000000000001 0.0793143766698014
0.987000000000001 0.0771400812624249
0.988000000000001 0.075992981963728
0.989000000000001 0.0742564587500835
0.990000000000001 0.072470923503269
0.991000000000001 0.0711040547543722
0.992000000000001 0.0694602051485842
0.993000000000001 0.0680755925301002
0.994000000000001 0.0666027962116697
0.995000000000001 0.0651774651358957
0.996000000000001 0.0636761267476482
0.997000000000001 0.0620940932699545
0.998000000000001 0.0605888315867963
0.999000000000001 0.0590159835268343
1.0 0.0574790476205328
1.001 0.0558943828758481
1.002 0.0544860268898849
1.003 0.0531060124183498
1.004 0.0516515727383853
1.005 0.0501919555753448
1.006 0.0487745914267664
1.007 0.047329581885711
1.008 0.0458148903837601
1.009 0.0443470653254845
1.01 0.0429830059088163
1.011 0.0417838467019523
1.012 0.040542680893203
1.013 0.0393521046063211
1.014 0.0381186364590738
1.015 0.0369002058536858
1.016 0.0357355851079465
1.017 0.0345198007751192
1.018 0.0333191310423258
1.019 0.0320608293579797
1.02 0.0308940652373153
1.021 0.0298919225440897
1.022 0.0288994939982805
1.023 0.0278853227016549
1.024 0.0269259763266995
1.025 0.0259465980735612
1.026 0.0249665904285522
1.027 0.0239653098655804
1.028 0.0229971913820862
1.029 0.0220257977754515
1.03 0.021047130839795
1.031 0.0202936186796831
1.032 0.0195478837541003
1.033 0.0187971432241533
1.034 0.0180508762273518
1.035 0.0173040069686844
1.036 0.0165910809737783
1.037 0.0158454946489561
1.038 0.0151029403519817
1.039 0.0143591831115493
1.04 0.0136175484260972
