1.10099999999999 0.122599345305243
1.10199999999999 0.124000561309434
1.10299999999999 0.127538750408706
1.10399999999999 0.126214424036967
1.10499999999999 0.132694995473821
1.10599999999999 0.129505789350021
1.10699999999999 0.139677982564052
1.10799999999999 0.130692721644659
1.10899999999999 0.140935528352264
1.10999999999999 0.136431535513389
1.11099999999999 0.137654045503634
1.11199999999999 0.142533866870525
1.11299999999999 0.114089675729982
1.11399999999999 0.151579997933978
1.11499999999999 0.11788879348022
1.11599999999999 0.0857049898486531
1.11699999999999 0.126006036574698
1.11799999999999 0.120386513093696
1.11899999999999 0.109380516760039
1.11999999999999 0.120567212343531
1.12099999999999 0.120395351276459
1.12199999999999 0.0698379969845833
1.12299999999999 0.111520163194492
1.12399999999999 0.157510227801371
1.12499999999999 0.0810475949150112
1.12599999999999 0.129421160192781
1.12699999999999 0.112157586541733
1.12799999999999 0.139929956558824
1.12899999999999 0.114893201027131
1.12999999999999 0.156754387214699
1.13099999999999 0.187093762563126
1.13199999999999 0.167262209424168
1.13299999999999 0.121612086812092
1.13399999999999 0.046589104827279
1.13499999999999 0.131355545038992
1.13599999999999 0.159220381731114
1.13699999999999 0.1872208185489
1.13799999999999 0.177648551384146
1.13899999999999 0.20179783741231
1.13999999999999 0.177199482311834
1.14099999999999 0.19303275006156
1.14199999999999 0.198473311602994
1.14299999999998 0.202814554198469
1.14399999999998 0.150671706189536
1.14499999999998 0.165997900378833
1.14599999999998 0.167185011373043
1.14699999999998 0.151173204874879
1.14799999999998 0.206019012904748
1.14899999999998 0.183585109293393
1.14999999999998 0.207180995842488
1.15099999999998 0.220142211543623
1.15199999999998 0.165324163540464
1.15299999999998 0.228499511077898
1.15399999999998 0.198470422354583
1.15499999999998 0.213182613489486
1.15599999999998 0.242133850620019
1.15699999999998 0.217847997316526
1.15799999999998 0.240679056892778
1.15899999999998 0.24218056623418
1.15999999999998 0.227925638518593
1.16099999999998 0.253231615523056
1.16199999999998 0.248567019812604
1.16299999999998 0.257519511164414
1.16399999999998 0.264144219727677
1.16499999999998 0.244081508927075
1.16599999999998 0.258674146023936
1.16699999999998 0.262649905621903
1.16799999999998 0.264348152337217
1.16899999999998 0.268240874273693
1.16999999999998 0.266770663669922
1.17099999999998 0.267257852672311
1.17199999999998 0.266717433341781
1.17299999999998 0.258637694017938
1.17399999999998 0.260281421293433
1.17499999999998 0.267329334409648
1.17599999999998 0.278652229068708
1.17699999999998 0.253915119868269
1.17799999999998 0.272527734816302
1.17899999999998 0.2665548042696
1.17999999999998 0.277345430950807
1.18099999999998 0.25380408077032
1.18199999999998 0.261984614715861
1.18299999999998 0.278450025336919
1.18399999999998 0.262350647758601
1.18499999999998 0.272394766654542
1.18599999999998 0.277524928913514
1.18699999999998 0.266760996276649
1.18799999999998 0.26350515949003
1.18899999999998 0.277435582991479
1.18999999999998 0.275896391271148
1.19099999999998 0.278111053338997
1.19199999999998 0.284704802746176
1.19299999999998 0.275603958006139
1.19399999999998 0.284442376607836
1.19499999999998 0.276601987388663
1.19599999999998 0.283244612247539
1.19699999999998 0.279283068116024
1.19799999999998 0.276672167015652
1.19899999999998 0.278579530507898
1.19999999999998 0.280545189191045
1.20099999999998 0.275552648693793
1.20199999999998 0.288241856108564
1.20299999999998 0.262284808951259
1.20399999999998 0.282789649046761
1.20499999999998 0.280976347790424
1.20599999999998 0.286555846904318
1.20699999999998 0.283102317339917
1.20799999999998 0.28415189266969
1.20899999999998 0.279304631396602
1.20999999999998 0.292971460553305
1.21099999999998 0.280977101903887
1.21199999999998 0.288744888539305
1.21299999999998 0.291794732297138
1.21399999999998 0.28466700614677
1.21499999999998 0.29228994144126
1.21599999999998 0.291021559847598
1.21699999999998 0.294818987466712
1.21799999999998 0.29229750165076
1.21899999999998 0.291200527336608
1.21999999999998 0.295104362927646
1.22099999999998 0.291416235547888
1.22199999999998 0.294351221333172
1.22299999999998 0.294077418026096
1.22399999999998 0.297235204025059
1.22499999999998 0.297558026452044
1.22599999999998 0.298175162515613
1.22699999999998 0.29590083857815
1.22799999999998 0.300225013439143
1.22899999999998 0.30012552883681
1.22999999999998 0.301172552951547
1.23099999999998 0.301524681680475
1.23199999999998 0.301274000328619
1.23299999999998 0.300735230491791
1.23399999999997 0.302063870317198
1.23499999999997 0.30185334735421
1.23599999999997 0.301677227237497
1.23699999999997 0.302125296822848
1.23799999999997 0.302048620316646
1.23899999999997 0.302259647588293
1.23999999999997 0.301994549082724
1.24099999999997 0.302114553305164
1.24199999999997 0.302270225284651
1.24299999999997 0.302254136012502
1.24399999999997 0.302171844889016
1.24499999999997 0.302213789084283
1.24599999999997 0.302098202003102
1.24699999999997 0.302278186642914
1.24799999999997 0.3017819575594
1.24899999999997 0.301526947658331
1.24999999999997 0.302255236949631
1.25099999999997 0.300863569528431
1.25199999999997 0.300051380024395
1.25299999999997 0.302283833236293
1.25399999999997 0.298835861418109
1.25499999999997 0.297757838658269
1.25599999999997 0.302865295617002
1.25699999999997 0.297131256721597
1.25799999999997 0.302023893325287
1.25899999999997 0.293374482440295
1.25999999999997 0.289767758612749
1.26099999999997 0.290942617588735
1.26199999999997 0.278231487864901
1.26299999999997 0.286916103772189
1.26399999999997 0.268921856095348
1.26499999999997 0.280921305916369
1.26599999999997 0.269880266258685
1.26699999999997 0.28736727947315
1.26799999999997 0.219895997043979
1.26899999999997 0.253415080164943
1.26999999999997 0.289306222598359
1.27099999999997 0.2901377128379
1.27199999999997 0.288077995523563
1.27299999999997 0.290115699305103
1.27399999999997 0.288908719859693
1.27499999999997 0.294087501105978
1.27599999999997 0.294736551017149
1.27699999999997 0.296272282655881
1.27799999999997 0.29581744811066
1.27899999999997 0.299431539993355
1.27999999999997 0.298418637107175
1.28099999999997 0.302364152583527
1.28199999999997 0.300514225612037
1.28299999999997 0.30235279268407
1.28399999999997 0.30046647579075
1.28499999999997 0.302692193907892
1.28599999999997 0.301562259913033
1.28699999999997 0.302287793342605
1.28799999999997 0.299606203958253
1.28899999999997 0.301931836208566
1.28999999999997 0.301737618725424
1.29099999999997 0.299477671904831
1.29199999999997 0.300818430160545
1.29299999999997 0.301578428547177
1.29399999999997 0.301350224037714
1.29499999999997 0.298623385801411
1.29599999999997 0.299879873820146
1.29699999999997 0.295881547367139
1.29799999999997 0.302020137487364
1.29899999999997 0.296207504993878
1.29999999999997 0.294721422128678
1.30099999999997 0.297589764266831
1.30199999999997 0.295071550381847
1.30299999999997 0.292645122867977
1.30399999999997 0.283112322370453
1.30499999999997 0.298787984884624
1.30599999999997 0.285803060385758
1.30699999999997 0.297369762157467
1.30799999999997 0.28890816435181
1.30899999999997 0.280489623845881
1.30999999999997 0.284995075457137
1.31099999999997 0.301176926175803
1.31199999999997 0.281357282489048
1.31299999999997 0.272756447324924
1.31399999999997 0.281841878069961
1.31499999999997 0.284976864775126
1.31599999999997 0.286890046259901
1.31699999999997 0.293859345187065
1.31799999999997 0.272846366717294
1.31899999999997 0.28652752173074
1.31999999999997 0.263548255740418
1.32099999999997 0.275667661225823
1.32199999999997 0.274826060247242
1.32299999999997 0.279793842229069
1.32399999999996 0.275752321160032
1.32499999999996 0.275641545405694
1.32599999999996 0.284604654357795
1.32699999999996 0.270523395545491
1.32799999999996 0.246350251770275
1.32899999999996 0.269565215320944
1.32999999999996 0.250385678395087
1.33099999999996 0.221217083866992
1.33199999999996 0.238726952232709
1.33299999999996 0.234531042358922
1.33399999999996 0.25371905470408
1.33499999999996 0.265887109831489
1.33599999999996 0.25673335662944
1.33699999999996 0.227371669687429
1.33799999999996 0.257427183349849
1.33899999999996 0.270550133186648
1.33999999999996 0.213134306595166
1.34099999999996 0.245296428657354
1.34199999999996 0.260982100654026
1.34299999999996 0.245171458012828
1.34399999999996 0.149122876600573
1.34499999999996 0.220318085236449
1.34599999999996 0.203821539340687
1.34699999999996 0.151344411758177
1.34799999999996 0.0941715860482747
1.34899999999996 0.188206860480844
1.34999999999996 0.0761509986728837
1.35099999999996 0.0997210667682754
1.35199999999996 0.09832423220178
1.35299999999996 0.0515690893318305
1.35399999999996 0.0172161650550597
1.35499999999996 0.0197946449860186
1.35599999999996 0.0649328387574949
1.35699999999996 0.0125021262212793
1.35799999999996 0.0239415958289827
1.35899999999996 0.0129606410504581
1.35999999999996 0.0187104409253455
1.36099999999996 0.000396245026603625
1.36199999999996 0.000817102636468726
1.36299999999996 0.0499577703014086
1.36399999999996 0.000830775089644096
1.36499999999996 0.0125129680445129
1.36599999999996 0.0540686486499225
1.36699999999996 0.0075486672181119
1.36799999999996 0.00155974848793586
1.36899999999996 0.0225058735315392
1.36999999999996 0.00802389063420005
1.37099999999996 0.014991526213046
1.37199999999996 0.0397927118956533
1.37299999999996 0.0612285396638994
1.37399999999996 0.0387555388338249
1.37499999999996 0.0942420853812993
1.37599999999996 0.0522476397508137
1.37699999999996 0.116677380007986
1.37799999999996 0.0328616372639393
1.37899999999996 0.0878101177095483
1.37999999999996 0.00134702465985968
1.38099999999996 0.0291209833065935
1.38199999999996 0.00290006229385211
1.38299999999996 0.00514772664523458
1.38399999999996 0.0300415913994996
1.38499999999996 0.0123741469580736
1.38599999999996 0.0598235559892381
1.38699999999996 0.0540817422248869
1.38799999999996 0.0429515829000127
1.38899999999996 0.103357712957034
1.38999999999996 0.0882794745222307
1.39099999999996 0.0947239380169908
1.39199999999996 0.00363871341863494
1.39299999999996 0.0790260867759512
1.39399999999996 0.040588204865276
1.39499999999996 0.00218625967984186
1.39599999999996 0.0122709959813934
1.39699999999996 0.113949008228827
1.39799999999996 0.119401001994852
1.39899999999996 0.0251389942410212
1.39999999999996 0.00208354471297973
1.40099999999996 0.012411711440789
1.40199999999996 0.149445307998473
1.40299999999996 0.0963150041601933
1.40399999999996 0.0097543546549828
1.40499999999996 0.0590503808441643
1.40599999999996 0.0944347416543673
1.40699999999996 0.0413121105718427
1.40799999999996 0.101733489074967
1.40899999999996 0.00791380530716734
1.40999999999996 0.106158676936377
1.41099999999996 0.097272755718426
1.41199999999996 0.113788097406408
1.41299999999996 0.127416164870259
1.41399999999996 0.011654583972856
1.41499999999995 0.093760277904502
1.41599999999995 0.17841303822755
1.41699999999995 0.131861508769286
1.41799999999995 0.107485931857713
1.41899999999995 0.0389605180550336
1.41999999999995 0.113014037102798
1.42099999999995 0.156949442775103
1.42199999999995 0.173157524500347
1.42299999999995 0.0728120906762077
1.42399999999995 0.171121267741785
1.42499999999995 0.1049068649638
1.42599999999995 0.217661495671943
1.42699999999995 0.114808875312436
1.42799999999995 0.0860320207706379
1.42899999999995 0.170830955050113
1.42999999999995 0.242764860935109
1.43099999999995 0.0635504220598495
1.43199999999995 0.0732972996125933
1.43299999999995 0.186352577027831
1.43399999999995 0.108867105548944
1.43499999999995 0.190348292070542
1.43599999999995 0.1522356238063
1.43699999999995 0.0564845226428935
1.43799999999995 0.197576561535963
1.43899999999995 0.13045426056567
1.43999999999995 0.182209751863427
1.44099999999995 0.148548480965666
1.44199999999995 0.151554347256846
1.44299999999995 0.221918248464978
1.44399999999995 0.191352392461714
1.44499999999995 0.0726363654993192
1.44599999999995 0.182892020062629
1.44699999999995 0.208451959583115
1.44799999999995 0.211593496816378
1.44899999999995 0.225046494917352
1.44999999999995 0.069292264621929
1.45099999999995 0.17563521427194
1.45199999999995 0.1821434385029
1.45299999999995 0.254205924527948
1.45399999999995 0.242297273778521
1.45499999999995 0.167025402730453
1.45599999999995 0.248502421632026
1.45699999999995 0.220074003526987
1.45799999999995 0.276331811265326
1.45899999999995 0.262743556027064
1.45999999999995 0.198374131945795
1.46099999999995 0.212151717812943
1.46199999999995 0.250535132097052
1.46299999999995 0.174228599233849
1.46399999999995 0.285826530926326
1.46499999999995 0.173615899768283
1.46599999999995 0.157384187274885
1.46699999999995 0.171249743354557
1.46799999999995 0.268324317478832
1.46899999999995 0.156425472129732
1.46999999999995 0.146819970946209
1.47099999999995 0.176108488019432
1.47199999999995 0.157111921191056
1.47299999999995 0.183643495385698
1.47399999999995 0.279673010873535
1.47499999999995 0.213886271558689
1.47599999999995 0.233324032559825
1.47699999999995 0.170288626284145
1.47799999999995 0.236414840018461
1.47899999999995 0.222602454554699
1.47999999999995 0.157598243491249
1.48099999999995 0.211683071480969
1.48199999999995 0.241066247069138
1.48299999999995 0.265204752623326
1.48399999999995 0.221815959565854
1.48499999999995 0.253901386635725
1.48599999999995 0.206330885529128
1.48699999999995 0.217538986395477
1.48799999999995 0.259443498677327
1.48899999999995 0.24719772607987
1.48999999999995 0.296609086817835
1.49099999999995 0.242071594944585
1.49199999999995 0.262738155196055
1.49299999999995 0.28983583009028
1.49399999999995 0.266773886094974
1.49499999999995 0.257985978342553
1.49599999999995 0.266431161835781
1.49699999999995 0.293641907587839
1.49799999999995 0.275556308565012
1.49899999999995 0.280897883352568
1.49999999999995 0.299680673121675
1.50099999999995 0.288924895486894
1.50199999999995 0.290154120334265
1.50299999999995 0.268169253401556
1.50399999999995 0.263122106825037
1.50499999999995 0.296035992511744
1.50599999999994 0.304300619768067
1.50699999999994 0.296402866650605
1.50799999999994 0.271053231557627
1.50899999999994 0.293712350332444
1.50999999999994 0.297225924263789
1.51099999999994 0.301347510412025
1.51199999999994 0.293721196523873
1.51299999999994 0.292962077775148
1.51399999999994 0.294891370118762
1.51499999999994 0.303894310864899
1.51599999999994 0.292673918488306
1.51699999999994 0.296359200240252
1.51799999999994 0.298510077672868
1.51899999999994 0.298007833579294
1.51999999999994 0.301137170899614
1.52099999999994 0.301777094196396
1.52199999999994 0.304844155952024
1.52299999999994 0.303562486401855
1.52399999999994 0.30133664595465
1.52499999999994 0.300987961512298
1.52599999999994 0.3009915601776
1.52699999999994 0.301984788476755
1.52799999999994 0.302679071598808
1.52899999999994 0.303136346553804
1.52999999999994 0.303155700487626
1.53099999999994 0.301402362892896
1.53199999999994 0.303342101023925
1.53299999999994 0.302172759891351
1.53399999999994 0.301251084294067
1.53499999999994 0.300527656945542
1.53599999999994 0.302167111466829
1.53699999999994 0.303212911541527
1.53799999999994 0.303426515345591
1.53899999999994 0.302314233877337
1.53999999999994 0.301670199028958
1.54099999999994 0.302547429801256
1.54199999999994 0.302084652353372
1.54299999999994 0.303845892111205
1.54399999999994 0.303215491394997
1.54499999999994 0.304032821489933
1.54599999999994 0.30412200164439
1.54699999999994 0.304337851358264
1.54799999999994 0.304518319509694
1.54899999999994 0.304427481248972
1.54999999999994 0.304445042181407
1.55099999999994 0.304233344322233
1.55199999999994 0.303916063001718
1.55299999999994 0.304357672516804
1.55399999999994 0.304139964214333
1.55499999999994 0.30431607410386
1.55599999999994 0.304127632455912
1.55699999999994 0.304249259944792
1.55799999999994 0.304039552666496
1.55899999999994 0.304106093674179
1.55999999999994 0.304028480835396
1.56099999999994 0.304114471543101
1.56199999999994 0.303610178568876
1.56299999999994 0.303961350501416
1.56399999999994 0.303748777844857
1.56499999999994 0.303849362448861
1.56599999999994 0.303707039957007
1.56699999999994 0.302940169299984
1.56799999999994 0.300707981216548
1.56899999999994 0.294523053329279
1.56999999999994 0.286110971935123
1.57099999999994 0.28102107211605
1.57199999999994 0.274334884729462
1.57299999999994 0.285215694344327
1.57399999999994 0.289224618800255
1.57499999999994 0.299319366910255
1.57599999999994 0.287180216850689
1.57699999999994 0.287926986654236
1.57799999999994 0.287594039453307
1.57899999999994 0.288767164093658
1.57999999999994 0.288372255473488
1.58099999999994 0.294377497345201
1.58199999999994 0.298157017214046
1.58299999999994 0.300807842342194
1.58399999999994 0.301033518269587
1.58499999999994 0.302116876788767
1.58599999999994 0.302712945351579
1.58699999999994 0.303042804129041
1.58799999999994 0.303527740161281
1.58899999999994 0.303495300460492
1.58999999999994 0.303284070095345
1.59099999999994 0.303216431923127
1.59199999999994 0.30320074793399
1.59299999999994 0.303393539292959
1.59399999999994 0.30293969657141
1.59499999999994 0.303277478847249
1.59599999999994 0.302768846469421
1.59699999999993 0.302113496818001
1.59799999999993 0.300392492663799
1.59899999999993 0.295051488699635
1.59999999999993 0.285016015596595
1.60099999999993 0.281330216210709
1.60199999999993 0.277347324531645
1.60299999999993 0.278922523075653
1.60399999999993 0.290530346821918
1.60499999999993 0.298154348257283
1.60599999999993 0.290736349304768
1.60699999999993 0.288230866227773
1.60799999999993 0.286109878841044
1.60899999999993 0.286188402262114
1.60999999999993 0.287594713570753
1.61099999999993 0.290862383224536
1.61199999999993 0.294384997635197
1.61299999999993 0.296721214451638
1.61399999999993 0.298932045276089
1.61499999999993 0.30006436642153
1.61599999999993 0.300388483001694
1.61699999999993 0.301337245585035
1.61799999999993 0.301082385167958
1.61899999999993 0.301676121807171
1.61999999999993 0.301757648612633
1.62099999999993 0.301652410472415
1.62199999999993 0.30175627175381
1.62299999999993 0.301526871861011
1.62399999999993 0.301711062562247
1.62499999999993 0.301328383262046
1.62599999999993 0.301496861676852
1.62699999999993 0.301154156810005
1.62799999999993 0.30055290567308
1.62899999999993 0.301345243293036
1.62999999999993 0.299599902355973
1.63099999999993 0.301108945242048
1.63199999999993 0.299548219341261
1.63299999999993 0.299705298800632
1.63399999999993 0.30068705192028
1.63499999999993 0.297656119030815
1.63599999999993 0.300316108619293
1.63699999999993 0.295251441288043
1.63799999999993 0.30011201302652
1.63899999999993 0.298909338878588
1.63999999999993 0.29167920541557
1.64099999999993 0.297501221583936
1.64199999999993 0.290046310751818
1.64299999999993 0.296876947291357
1.64399999999993 0.299349006003847
1.64499999999993 0.288525809912672
1.64599999999993 0.29964836359231
1.64699999999993 0.297738981041242
1.64799999999993 0.289515984185507
1.64899999999993 0.297342299127222
1.64999999999993 0.289357262431798
1.65099999999993 0.29739276375429
1.65199999999993 0.298581840197611
1.65299999999993 0.291214044684311
1.65399999999993 0.299743660051676
1.65499999999993 0.298510479336565
1.65599999999993 0.295744677604217
1.65699999999993 0.299200341996026
1.65799999999993 0.299852378040217
1.65899999999993 0.297887155345713
1.65999999999993 0.300121644793184
1.66099999999993 0.298926866134053
1.66199999999993 0.297325717164238
1.66299999999993 0.299134538804762
1.66399999999993 0.299695335088325
1.66499999999993 0.270168174813426
1.66599999999993 0.285236733650378
1.66699999999993 0.296207483831018
1.66799999999993 0.29788544846712
1.66899999999993 0.299027641787492
1.66999999999993 0.298854877454211
1.67099999999993 0.297708342015436
1.67199999999993 0.29944610673965
1.67299999999993 0.299104676817767
1.67399999999993 0.295183807586464
1.67499999999993 0.298592290166555
1.67599999999993 0.298947191733267
1.67699999999993 0.293498984661085
1.67799999999993 0.298678782954783
1.67899999999993 0.298938303738162
1.67999999999993 0.295023974438387
1.68099999999993 0.298540145963437
1.68199999999993 0.299043703203731
1.68299999999993 0.297863741681524
1.68399999999993 0.292047399659623
1.68499999999993 0.298490418880577
1.68599999999993 0.299316902999839
1.68699999999993 0.29424716624721
1.68799999999992 0.298969619877552
1.68899999999992 0.298562636420351
1.68999999999992 0.29192530842517
1.69099999999992 0.296940146260737
1.69199999999992 0.297634601590076
1.69299999999992 0.297291854872555
1.69399999999992 0.296182266809088
1.69499999999992 0.298792186211915
1.69599999999992 0.295688651618259
1.69699999999992 0.291656861492955
1.69799999999992 0.298072099480766
1.69899999999992 0.296208578777983
1.69999999999992 0.293261137428566
1.70099999999992 0.293871118872646
1.70199999999992 0.28969319689149
1.70299999999992 0.286533884526506
1.70399999999992 0.285090452537727
1.70499999999992 0.279825934068983
1.70599999999992 0.274543351878447
1.70699999999992 0.27270643007201
1.70799999999992 0.260507529046069
1.70899999999992 0.269843102020407
1.70999999999992 0.265026262195412
1.71099999999992 0.264796692039006
1.71199999999992 0.26112609663972
1.71299999999992 0.256478020588199
1.71399999999992 0.245054216143655
1.71499999999992 0.252268700537028
1.71599999999992 0.243741076402688
1.71699999999992 0.246699642196432
1.71799999999992 0.243681334396121
1.71899999999992 0.241004769854008
1.71999999999992 0.236403036699428
1.72099999999992 0.217694832257513
1.72199999999992 0.229452583370907
1.72299999999992 0.218987794599221
1.72399999999992 0.212581056770343
1.72499999999992 0.221646642247644
1.72599999999992 0.215682354241754
1.72699999999992 0.214755759381673
1.72799999999992 0.205889514892792
1.72899999999992 0.210133138858882
1.72999999999992 0.206036134501933
1.73099999999992 0.200676924330283
1.73199999999992 0.179409434027028
1.73299999999992 0.19839926314035
1.73399999999992 0.19507118670221
1.73499999999992 0.185783397118478
1.73599999999992 0.173446872654681
1.73699999999992 0.186196701573668
1.73799999999992 0.182630617090189
1.73899999999992 0.173502121215063
1.73999999999992 0.176177402132996
1.74099999999992 0.154862858659673
1.74199999999992 0.171363582170948
1.74299999999992 0.168571064077308
1.74399999999992 0.153898818245767
1.74499999999992 0.162623917742718
1.74599999999992 0.141058209030371
1.74699999999992 0.13540485573476
1.74799999999992 0.153642156596151
1.74899999999992 0.150131535580071
1.74999999999992 0.147180362731692
1.75099999999992 0.129769847202792
1.75199999999992 0.140746888099274
1.75299999999992 0.138903399012074
1.75399999999992 0.134936438919885
1.75499999999992 0.117846132476225
1.75599999999992 0.118907966842224
1.75699999999992 0.113078791038414
1.75799999999992 0.123828257755902
1.75899999999992 0.121201527350651
1.75999999999992 0.115964343511434
1.76099999999992 0.107489081980745
1.76199999999992 0.104442014345502
1.76299999999992 0.10152913977824
1.76399999999992 0.105442427173512
1.76499999999992 0.0734747759548957
1.76599999999992 0.0908184996402469
1.76699999999992 0.0958448949973052
1.76799999999992 0.0919982138529291
1.76899999999992 0.084246784591828
1.76999999999992 0.078475995486175
1.77099999999992 0.0843845981713504
1.77199999999992 0.0806049526525532
1.77299999999992 0.0741333660921578
1.77399999999992 0.0642642564853122
1.77499999999992 0.067890213795331
1.77599999999992 0.0575385018613612
1.77699999999992 0.0647919198340049
1.77799999999991 0.0471407174242834
1.77899999999991 0.0560698173208534
1.77999999999991 0.0567053136947464
1.78099999999991 0.038294734605379
1.78199999999991 0.0517084008978854
1.78299999999991 0.0474605413759537
1.78399999999991 0.0267094313499237
1.78499999999991 0.0328384966047517
1.78599999999991 0.0360318497399108
1.78699999999991 0.0298762458898829
1.78799999999991 0.0315847494340729
1.78899999999991 0.0318763815260626
1.78999999999991 0.0215318179503016
1.79099999999991 0.0214035493095177
1.79199999999991 0.01650506561647
1.79299999999991 0.0119306235586438
1.79399999999991 0.0148266718728242
1.79499999999991 0.0111516231823636
1.79599999999991 0.0073940621637416
1.79699999999991 0.00725914350804207
1.79799999999991 0.00455544755389055
1.79899999999991 0.00193100823699825
1.79999999999991 9.38687246611464e-14
