0.8 0.000341577916893309
0.801 0.000494640656672066
0.802 0.000647300943995265
0.803 0.000799557596382244
0.804 0.000951407205818158
0.805 0.0022104162431456
0.806 0.00251313913376973
0.807 0.00281504145308046
0.808 0.00311612257966655
0.809 0.00341638547465387
0.81 0.00371582920886729
0.811 0.00401310406251967
0.812 0.00430935300318571
0.813000000000001 0.00460457491578355
0.814000000000001 0.00489876098824325
0.815000000000001 0.00519190464854502
0.816000000000001 0.00713682078840977
0.817000000000001 0.00924999950924394
0.818000000000001 0.011536007719471
0.819000000000001 0.0139939200099825
0.820000000000001 0.0166228052770338
0.821000000000001 0.0278902743795516
0.822000000000001 0.041117832349997
0.823000000000001 0.0562975667189184
0.824000000000001 0.0734214558505898
0.825000000000001 0.0926781858326151
0.826000000000001 0.105777028652757
0.827000000000001 0.118840063679236
0.828000000000001 0.131867095556376
0.829000000000001 0.144857391882633
0.830000000000001 0.157811197407991
0.831000000000001 0.17066894870697
0.832000000000001 0.183480265845351
0.833000000000001 0.196244720791205
0.834000000000001 0.208962458362016
0.835000000000001 0.249602376047545
0.836000000000001 0.24916167111086
0.837000000000001 0.248719323641885
0.838000000000001 0.248275519518129
0.839000000000001 0.247830081391495
0.840000000000001 0.247382483255173
0.841000000000001 0.246823622044254
0.842000000000001 0.2462630457348
0.843000000000001 0.245700213727285
0.844000000000001 0.245135306607166
0.845000000000001 0.245087935900113
0.846000000000001 0.244518384425649
0.847000000000001 0.243946257509994
0.848000000000001 0.243372406530443
0.849000000000001 0.242796829193127
0.850000000000001 0.242219180271037
0.851000000000001 0.241441869190697
0.852000000000001 0.24096346134492
0.853000000000001 0.240456379640557
0.854000000000001 0.239756247214074
0.855000000000001 0.239228847222704
0.856000000000001 0.238964703369161
0.857000000000001 0.238247732629153
0.858000000000001 0.237738707642649
0.859000000000001 0.237073591990794
0.860000000000001 0.236476363244168
0.861000000000001 0.235708944182914
0.862000000000001 0.234963830599176
0.863000000000001 0.234202680623228
0.864000000000001 0.233460635729592
0.865000000000001 0.232695038855775
0.866000000000001 0.231929135128761
0.867000000000001 0.231164975069238
0.868000000000001 0.230395991808337
0.869000000000001 0.229621823015
0.870000000000001 0.228844757559548
0.871000000000001 0.227952177771999
0.872000000000001 0.227057597530012
0.873000000000001 0.226158725573982
0.874000000000001 0.225256617076368
0.875000000000001 0.224825937662304
0.876000000000001 0.223908418326252
0.877000000000001 0.223000185076359
0.878000000000001 0.222037563171211
0.879000000000001 0.221160981289234
0.880000000000001 0.220175431275046
0.881000000000001 0.219156558966168
0.882000000000001 0.218065051274692
0.883000000000001 0.217013906140368
0.884000000000001 0.216037952436924
0.885000000000001 0.215124919872709
0.886000000000001 0.213848862281043
0.887000000000001 0.213104143721261
0.888000000000001 0.211674681616142
0.889000000000001 0.210862179770134
0.890000000000001 0.209680649990082
0.891000000000001 0.208414754585937
0.892000000000001 0.207272554887976
0.893000000000001 0.204108366814977
0.894000000000001 0.202026696690963
0.895000000000001 0.197434359040376
0.896000000000001 0.190371961458163
0.897000000000001 0.189675808383995
0.898000000000001 0.186898846318914
0.899000000000001 0.177051933613818
0.900000000000001 0.179167690361067
0.901000000000001 0.177837847133718
0.902000000000001 0.181094685590715
0.903000000000001 0.190086621818875
0.904000000000001 0.188002851844021
0.905000000000001 0.187236451443878
0.906000000000001 0.182964779772543
0.907000000000001 0.169288200590277
0.908000000000001 0.16858979843846
0.909000000000001 0.177936977100589
0.910000000000001 0.166558730169808
0.911000000000001 0.177681370973143
0.912000000000001 0.170728375748082
0.913000000000001 0.15387003522242
0.914000000000001 0.174439350560965
0.915000000000001 0.155050880879381
0.916000000000001 0.171035713653477
0.917000000000001 0.156788446968597
0.918000000000001 0.164702094450333
0.919000000000001 0.164326144589943
0.920000000000001 0.168029805737068
0.921000000000001 0.161418686543188
0.922000000000001 0.164203793504819
0.923000000000001 0.161266358362557
0.924000000000001 0.156889578606611
0.925000000000001 0.158490252192885
0.926000000000001 0.156225235834615
0.927000000000001 0.15450667556959
0.928000000000001 0.141939176599964
0.929000000000001 0.140797023154089
0.930000000000001 0.130767917458645
0.931000000000001 0.107266363904809
0.932000000000001 0.107428005457969
0.933000000000001 0.102021322448626
0.934000000000001 0.0792710402061557
0.935000000000001 0.106658125997179
0.936000000000001 0.09434274856954
0.937000000000001 0.0984925724434687
0.938000000000001 0.0890499770203481
0.939000000000001 0.129422984861292
0.940000000000001 0.116818723764664
0.941000000000001 0.114531700592635
0.942000000000001 0.103889736016879
0.943000000000001 0.104789264145802
0.944000000000001 0.0777932687263134
0.945000000000001 0.101149929368771
0.946000000000001 0.0980499392700845
0.947000000000001 0.0999014637057454
0.948000000000001 0.0951301167833342
0.949000000000001 0.0971623281366378
0.950000000000001 0.0868211279631599
0.951000000000001 0.102465473841736
0.952000000000001 0.0893133929608793
0.953000000000001 0.0960005516319257
0.954000000000001 0.0900650089265957
0.955000000000001 0.0904054209134306
0.956000000000001 0.0881221617002876
0.957000000000001 0.0992596747476529
0.958000000000001 0.0915363925791873
0.959000000000001 0.0818038355757856
0.960000000000001 0.0896394459891705
0.961000000000001 0.0952926686925818
0.962000000000001 0.085108915850001
0.963000000000001 0.0928271489759895
0.964000000000001 0.0833424170121411
0.965000000000001 0.093404453158337
0.966000000000001 0.0854390074767248
0.967000000000001 0.0912773108833285
0.968000000000001 0.0890145626774522
0.969000000000001 0.090664681159828
0.970000000000001 0.0871606933398589
0.971000000000001 0.0855946570205295
0.972000000000001 0.0848287373029137
0.973000000000001 0.0802888440815433
0.974000000000001 0.0806295616348087
0.975000000000001 0.0780494913177019
0.976000000000001 0.0756192864168907
0.977000000000001 0.078548196330392
0.978000000000001 0.0752538264173455
0.979000000000001 0.0739588716700376
0.980000000000001 0.0728719152549221
0.981000000000001 0.0735940576963368
0.982000000000001 0.0709587858947782
0.983000000000001 0.0710128688244995
0.984000000000001 0.0696154961661689
0.985000000000001 0.0680901159040848
0.986000000000001 0.0674172201693312
0.987000000000001 0.0655690690730612
0.988000000000001 0.0645940346691688
0.989000000000001 0.063117989937571
0.990000000000001 0.0616002849777787
0.991000000000001 0.0604384465412163
0.992000000000001 0.0590411743762966
0.993000000000001 0.0578642536505852
0.994000000000001 0.0566123767799193
0.995000000000001 0.0554008453655114
0.996000000000001 0.0541247077355009
0.997000000000001 0.0527799792794613
0.998000000000001 0.0515005068487769
0.999000000000001 0.0501635859978091
1.0 0.0488571904774529
1.001 0.0475102254444708
1.002 0.0463131228564022
1.003 0.0451401105555973
1.004 0.0439038368276275
1.005 0.0426631622390431
1.006 0.0414584027127514
1.007 0.0402301446028543
1.008 0.0389426568261961
1.009 0.0376950055266618
1.01 0.0365355550224939
1.011 0.0355162696966595
1.012 0.0344612787592226
1.013 0.0334492889153729
1.014 0.0324008409902127
1.015 0.031365174975633
1.016 0.0303752473417545
1.017 0.0293418306588514
1.018 0.0283212613859769
1.019 0.0272517049542827
1.02 0.026259955451718
1.021 0.0254081341624762
1.022 0.0245645698985384
1.023 0.0237025242964066
1.024 0.0228870798776946
1.025 0.022054608362527
1.026 0.0212216018642693
1.027 0.0203705133857434
1.028 0.0195476126747733
1.029 0.0187219281091338
1.03 0.0178900612138257
1.031 0.0172495758777306
1.032 0.0166157011909853
1.033 0.0159775717405303
1.034 0.015343244793249
1.035 0.0147084059233817
1.036 0.0141024188277116
1.037 0.0134686704516127
1.038 0.0128374992991844
1.039 0.0122053056448169
1.04 0.0115749161621826
