0.35 0.669921875
0.351 0.670381355008
0.352 0.670841045064
0.353 0.671300945216
0.354 0.671761055512
0.355 0.672221376
0.356 0.672681906728
0.357 0.673142647744
0.358 0.673603599096
0.359 0.674064760832
0.36 0.674526133
0.361 0.674987715648
0.362 0.675449508824
0.363 0.675911512576
0.364 0.676373726952
0.365 0.676836152
0.366 0.677298787768
0.367 0.677761634304
0.368 0.678224691656
0.369 0.678687959872
0.37 0.679151439
0.371 0.679615129088
0.372 0.680079030184
0.373 0.680543142336
0.374 0.681007465592
0.375 0.681472
0.376 0.681936745608
0.377 0.682401702464
0.378 0.682866870616
0.379 0.683332250112
0.38 0.683797841
0.381 0.684263643328
0.382 0.684729657144
0.383 0.685195882496
0.384 0.685662319432
0.385 0.686128968
0.386 0.686595828248
0.387 0.687062900224
0.388 0.687530183976
0.389 0.687997679552
0.39 0.688465387
0.391 0.688933306368
0.392 0.689401437704
0.393 0.689869781056
0.394 0.690338336472
0.395 0.690807104
0.396 0.691276083688
0.397 0.691745275584
0.398 0.692214679736
0.399 0.692684296192
0.4 0.693154125
0.401 0.693389119051
0.402 0.693624166208
0.403 0.693859266477
0.404 0.694094419864
0.405 0.694329626375
0.406 0.694564886016
0.407 0.694800198793
0.408 0.695035564712
0.409 0.695270983779
0.41 0.695506456
0.411 0.695741981381
0.412 0.695977559928
0.413 0.696213191647
0.414 0.696448876544
0.415 0.696684614625
0.416 0.696920405896
0.417 0.697156250363
0.418 0.697392148032
0.419 0.697628098909
0.42 0.697864103
0.421 0.698100160311
0.422 0.698336270848
0.423 0.698572434617
0.424 0.698808651624
0.425 0.699044921875
0.426 0.699281245376
0.427 0.699517622133
0.428 0.699754052152
0.429 0.699990535439
0.43 0.700227072
0.431 0.700463661841
0.432 0.700700304968
0.433 0.700937001387
0.434 0.701173751104
0.435 0.701410554125
0.436 0.701647410456
0.437 0.701884320103
0.438 0.702121283072
0.439 0.702358299369
0.44 0.702595369
0.441 0.702832491971
0.442 0.703069668288
0.443 0.703306897957
0.444 0.703544180984
0.445 0.703781517375
0.446 0.704018907136
0.447 0.704256350273
0.448 0.704493846792
0.449 0.704731396699
0.45 0.704969
0.451 0.704969
0.452 0.704969
0.453 0.704969
0.454 0.704969
0.455 0.704969
0.456 0.704969
0.457 0.704969
0.458 0.704969
0.459 0.704969
0.46 0.704969
0.461 0.704969
0.462 0.704969
0.463 0.704969
0.464 0.704969
0.465 0.704969
0.466 0.704969
0.467 0.704969
0.468 0.704969
0.469 0.704969
0.47 0.704969
0.471 0.704969
0.472 0.704969
0.473 0.704969
0.474 0.704969
0.475 0.704969
0.476 0.704969
0.477 0.704969
0.478 0.704969
0.479 0.704969
0.48 0.704969
0.481 0.704969
0.482 0.704969
0.483 0.704969
0.484 0.704969
0.485 0.704969
0.486 0.704969
0.487 0.704969
0.488 0.704969
0.489 0.704969
0.49 0.704969
0.491 0.704969
0.492 0.704969
0.493 0.704969
0.494 0.704969
0.495 0.704969
0.496 0.704969
0.497 0.704969
0.498 0.704969
0.499 0.704969
0.5 0.704969
0.501 0.704731396699
0.502 0.704493846792
0.503 0.704256350273
0.504 0.704018907136
0.505 0.703781517375
0.506 0.703544180984
0.507 0.703306897957
0.508 0.703069668288
0.509 0.702832491971
0.51 0.702595369
0.511 0.702358299369
0.512 0.702121283072
0.513 0.701884320103
0.514 0.701647410456
0.515 0.701410554125
0.516 0.701173751104
0.517 0.700937001387
0.518 0.700700304968
0.519 0.700463661841
0.52 0.700227072
0.521 0.699990535439
0.522 0.699754052152
0.523 0.699517622133
0.524 0.699281245376
0.525 0.699044921875
0.526 0.698808651624
0.527 0.698572434617
0.528 0.698336270848
0.529 0.698100160311
0.53 0.697864103
0.531 0.697628098909
0.532 0.697392148032
0.533 0.697156250363
0.534 0.696920405896
0.535 0.696684614625
0.536 0.696448876544
0.537 0.696213191647
0.538 0.695977559928
0.539 0.695741981381
0.54 0.695506456
0.541 0.695270983779
0.542 0.695035564712
0.543 0.694800198793
0.544 0.694564886016
0.545 0.694329626375
0.546 0.694094419864
0.547 0.693859266477
0.548 0.693624166208
0.549 0.693389119051
0.55 0.693154125
0.551 0.692919184049
0.552 0.692684296192
0.553 0.692449461423
0.554 0.692214679736
0.555 0.691979951125
0.556 0.691745275584
0.557 0.691510653107
0.558 0.691276083688
0.559 0.691041567321
0.56 0.690807104
0.561 0.690572693719
0.562 0.690338336472
0.563 0.690104032253
0.564 0.689869781056
0.565 0.689635582875
0.566 0.689401437704
0.567 0.689167345537
0.568 0.688933306368
0.569 0.688699320191
0.57 0.688465387
0.571 0.688231506789
0.572 0.687997679552
0.573 0.687763905283
0.574 0.687530183976
0.575 0.687296515625
0.576 0.687062900224
0.577 0.686829337767
0.578 0.686595828248
0.579 0.686362371661
0.58 0.686128968
0.581 0.685895617259
0.582 0.685662319432
0.583 0.685429074513
0.584 0.685195882496
0.585 0.684962743375
0.586 0.684729657144
0.587 0.684496623797
0.588 0.684263643328
0.589 0.684030715731
0.59 0.683797841
0.591 0.683565019129
0.592 0.683332250112
0.593 0.683099533943
0.594 0.682866870616
0.595 0.682634260125
0.596 0.682401702464
0.597 0.682169197627
0.598 0.681936745608
0.599 0.681704346401
0.6 0.681472
0.601 0.681239706399
0.602 0.681007465592
0.603 0.680775277573
0.604 0.680543142336
0.605 0.680311059875
0.606 0.680079030184
0.607 0.679847053257
0.608 0.679615129088
0.609 0.679383257671
0.61 0.679151439
0.611 0.678919673069
0.612 0.678687959872
0.613 0.678456299403
0.614 0.678224691656
0.615 0.677993136625
0.616 0.677761634304
0.617 0.677530184687
0.618 0.677298787768
0.619 0.677067443541
0.62 0.676836152
0.621 0.676604913139
0.622 0.676373726952
0.623 0.676142593433
0.624 0.675911512576
0.625 0.675680484375
0.626 0.675449508824
0.627 0.675218585917
0.628 0.674987715648
0.629 0.674756898011
0.63 0.674526133
0.631 0.674295420609
0.632 0.674064760832
0.633 0.673834153663
0.634 0.673603599096
0.635 0.673373097125
0.636 0.673142647744
0.637 0.672912250947
0.638 0.672681906728
0.639 0.672451615081
0.64 0.672221376
0.641 0.671991189479
0.642 0.671761055512
0.643 0.671530974093
0.644 0.671300945216
0.645 0.671070968875
0.646 0.670841045064
0.647 0.670611173777
0.648 0.670381355008
0.649 0.670151588751
0.65 0.669921875
0.651 0.669692213749
0.652 0.669462604992
0.653 0.669233048723
0.654 0.669003544936
0.655 0.668774093625
0.656 0.668544694784
0.657 0.668315348407
0.658 0.668086054488
0.659 0.667856813021
0.66 0.667627624
0.661 0.667398487419
0.662 0.667169403272
0.663 0.666940371553
0.664 0.666711392256
0.665 0.666482465375
0.666 0.666253590904
0.667 0.666024768837
0.668 0.665795999168
0.669 0.665567281891
0.67 0.665338617
0.671 0.665110004489
0.672 0.664881444352
0.673 0.664652936583
0.674 0.664424481176
0.675 0.664196078125
0.676 0.663967727424
0.677 0.663739429067
0.678 0.663511183048
0.679 0.663282989361
0.68 0.663054848
0.681 0.662826758959
0.682 0.662598722232
0.683 0.662370737813
0.684 0.662142805696
0.685 0.661914925875
0.686 0.661687098344
0.687 0.661459323097
0.688 0.661231600128
0.689 0.661003929431
0.69 0.660776311
0.691 0.660548744829
0.692 0.660321230912
0.693 0.660093769243
0.694 0.659866359816
0.695 0.659639002625
0.696 0.659411697664
0.697 0.659184444927
0.698 0.658957244408
0.699 0.658730096101
0.7 0.658503
0.701 0.658275956099
0.702 0.658048964392
0.703 0.657822024873
0.704 0.657595137536
0.705 0.657368302375
0.706 0.657141519384
0.707 0.656914788557
0.708 0.656688109888
0.709 0.656461483371
0.71 0.656234909
0.711 0.656008386769
0.712 0.655781916672
0.713 0.655555498703
0.714 0.655329132856
0.715 0.655102819125
0.716 0.654876557504
0.717 0.654650347987
0.718 0.654424190568
0.719 0.654198085241
0.72 0.653972032
0.721 0.653746030839
0.722 0.653520081752
0.723 0.653294184733
0.724 0.653068339776
0.725 0.652842546875
0.726 0.652616806024
0.727 0.652391117217
0.728 0.652165480448
0.729 0.651939895711
0.73 0.651714363
0.731 0.651488882309
0.732 0.651263453632
0.733 0.651038076963
0.734 0.650812752296
0.735 0.650587479625
0.736 0.650362258944
0.737 0.650137090247
0.738 0.649911973528
0.739 0.649686908781
0.74 0.649461896
0.741 0.649236935179
0.742 0.649012026312
0.743 0.648787169393
0.744 0.648562364416
0.745 0.648337611375
0.746 0.648112910264
0.747 0.647888261077
0.748 0.647663663808
0.749 0.647439118451
0.75 0.647214625
0.751 0.646915381130963
0.752 0.64661622951437
0.753 0.646317170136
0.754 0.64601820298163
0.755 0.645719328037037
0.756 0.645420545288
0.757 0.645121854720296
0.758 0.644823256319704
0.759 0.644524750072
0.76 0.644226335962963
0.761 0.643928013978371
0.762 0.643629784104
0.763 0.64333164632563
0.764 0.643033600629037
0.765 0.642735647
0.766 0.642437785424296
0.767 0.642140015887704
0.768 0.641842338376
0.769 0.641544752874963
0.77 0.641247259370371
0.771 0.640949857848
0.772 0.64065254829363
0.773 0.640355330693037
0.774 0.640058205032
0.775 0.639761171296296
0.776 0.639464229471704
0.777 0.639167379544
0.778 0.638870621498963
0.779 0.638573955322371
0.78 0.638277381
0.781 0.638166189307375
0.782 0.638055010529
0.783 0.637943844664125
0.784 0.637832691712
0.785 0.637721551671875
0.786 0.637610424543
0.787 0.637499310324625
0.788 0.637388209016
0.789 0.637277120616375
0.79 0.637166045125
0.791 0.637054982541125
0.792 0.636943932864
0.793 0.636832896092875
0.794 0.636721872227
0.795 0.636610861265625
0.796 0.636499863208
0.797 0.636388878053375
0.798 0.636277905801
0.799 0.636166946450125
0.8 0.636056
0.801 0.636166946450125
0.802 0.636277905801
0.803 0.636388878053375
0.804 0.636499863208
0.805 0.636610861265625
0.806 0.636721872227
0.807 0.636832896092875
0.808 0.636943932864
0.809 0.637054982541125
0.81 0.637166045125
0.811 0.637277120616375
0.812 0.637388209016
0.813000000000001 0.637499310324625
0.814000000000001 0.637610424543
0.815000000000001 0.637721551671875
0.816000000000001 0.637832691712
0.817000000000001 0.637943844664125
0.818000000000001 0.638055010529
0.819000000000001 0.638166189307375
0.820000000000001 0.638277381
0.821000000000001 0.638944802397
0.822000000000001 0.639612688896001
0.823000000000001 0.640281040659
0.824000000000001 0.640949857848
0.825000000000001 0.641619140625001
0.826000000000001 0.642288889152001
0.827000000000001 0.642959103591001
0.828000000000001 0.643629784104001
0.829000000000001 0.644300930853001
0.830000000000001 0.644972544
0.831000000000001 0.645644623707001
0.832000000000001 0.646317170136001
0.833000000000001 0.646990183449
0.834000000000001 0.647663663808
0.835000000000001 0.648337611375001
0.836000000000001 0.649012026312001
0.837000000000001 0.649686908781
0.838000000000001 0.650362258944001
0.839000000000001 0.651038076963001
0.840000000000001 0.651714363000001
0.841000000000001 0.652391117217
0.842000000000001 0.653068339776001
0.843000000000001 0.653746030839001
0.844000000000001 0.654424190568
0.845000000000001 0.655102819125001
0.846000000000001 0.655781916672001
0.847000000000001 0.656461483371001
0.848000000000001 0.657141519384001
0.849000000000001 0.657822024873001
0.850000000000001 0.658503000000001
0.851000000000001 0.659411697664001
0.852000000000001 0.660321230912001
0.853000000000001 0.661231600128001
0.854000000000001 0.662142805696001
0.855000000000001 0.663054848000001
0.856000000000001 0.663967727424001
0.857000000000001 0.664881444352001
0.858000000000001 0.665795999168001
0.859000000000001 0.666711392256001
0.860000000000001 0.667627624000001
0.861000000000001 0.668544694784001
0.862000000000001 0.669462604992001
0.863000000000001 0.670381355008001
0.864000000000001 0.671300945216001
0.865000000000001 0.672221376000001
0.866000000000001 0.673142647744001
0.867000000000001 0.674064760832001
0.868000000000001 0.674987715648001
0.869000000000001 0.675911512576001
0.870000000000001 0.676836152000001
0.871000000000001 0.677761634304001
0.872000000000001 0.678687959872001
0.873000000000001 0.679615129088001
0.874000000000001 0.680543142336001
0.875000000000001 0.681472000000001
0.876000000000001 0.682401702464001
0.877000000000001 0.683332250112001
0.878000000000001 0.684263643328001
0.879000000000001 0.685195882496001
0.880000000000001 0.686128968000001
0.881000000000001 0.687062900224001
0.882000000000001 0.687997679552001
0.883000000000001 0.688933306368001
0.884000000000001 0.689869781056001
0.885000000000001 0.690807104000001
0.886000000000001 0.691745275584001
0.887000000000001 0.692684296192001
0.888000000000001 0.693624166208001
0.889000000000001 0.694564886016001
0.890000000000001 0.695506456000001
0.891000000000001 0.696448876544001
0.892000000000001 0.697392148032001
0.893000000000001 0.698336270848001
0.894000000000001 0.699281245376001
0.895000000000001 0.700227072000001
0.896000000000001 0.701173751104001
0.897000000000001 0.702121283072001
0.898000000000001 0.703069668288001
0.899000000000001 0.704018907136001
0.900000000000001 0.704969000000001
0.901000000000001 0.705682130327001
0.902000000000001 0.706395741416001
0.903000000000001 0.707109833429001
0.904000000000001 0.707824406528001
0.905000000000001 0.708539460875001
0.906000000000001 0.709254996632001
0.907000000000001 0.709971013961
0.908000000000001 0.710687513024001
0.909000000000001 0.711404493983001
0.910000000000001 0.712121957000001
0.911000000000001 0.712839902237001
0.912000000000001 0.713558329856001
0.913000000000001 0.714277240019001
0.914000000000001 0.714996632888001
0.915000000000001 0.715716508625001
0.916000000000001 0.716436867392001
0.917000000000001 0.717157709351001
0.918000000000001 0.717879034664001
0.919000000000001 0.718600843493001
0.920000000000001 0.719323136000001
0.921000000000001 0.720045912347001
0.922000000000001 0.720769172696001
0.923000000000001 0.721492917209001
0.924000000000001 0.722217146048001
0.925000000000001 0.722941859375
0.926000000000001 0.723667057352001
0.927000000000001 0.724392740141001
0.928000000000001 0.725118907904
0.929000000000001 0.725845560803001
0.930000000000001 0.726572699000001
0.931000000000001 0.727300322657001
0.932000000000001 0.728028431936
0.933000000000001 0.728757026999001
0.934000000000001 0.729486108008001
0.935000000000001 0.730215675125
0.936000000000001 0.730945728512001
0.937000000000001 0.731676268331001
0.938000000000001 0.732407294744
0.939000000000001 0.733138807913
0.940000000000001 0.733870808000001
0.941000000000001 0.734603295167001
0.942000000000001 0.735336269576
0.943000000000001 0.736069731389001
0.944000000000001 0.736803680768001
0.945000000000001 0.737538117875
0.946000000000001 0.738273042872
0.947000000000001 0.739008455921001
0.948000000000001 0.739744357184
0.949000000000001 0.740480746823
0.950000000000001 0.741217625000001
0.951000000000001 0.741954991877001
0.952000000000001 0.742692847616
0.953000000000001 0.743431192379
0.954000000000001 0.744170026328001
0.955000000000001 0.744909349625
0.956000000000001 0.745649162432
0.957000000000001 0.746389464911001
0.958000000000001 0.747130257224001
0.959000000000001 0.747871539533
0.960000000000001 0.748613312000001
0.961000000000001 0.749355574787001
0.962000000000001 0.750098328056
0.963000000000001 0.750841571969
0.964000000000001 0.751585306688001
0.965000000000001 0.752329532375
0.966000000000001 0.753074249192
0.967000000000001 0.753819457301001
0.968000000000001 0.754565156864
0.969000000000001 0.755311348043
0.970000000000001 0.756058031000001
0.971000000000001 0.756805205897001
0.972000000000001 0.757552872896
0.973000000000001 0.758301032159001
0.974000000000001 0.759049683848001
0.975000000000001 0.759798828125001
0.976000000000001 0.760548465152
0.977000000000001 0.761298595091001
0.978000000000001 0.762049218104001
0.979000000000001 0.762800334353
0.980000000000001 0.763551944000001
0.981000000000001 0.764304047207001
0.982000000000001 0.765056644136
0.983000000000001 0.765809734949001
0.984000000000001 0.766563319808001
0.985000000000001 0.767317398875001
0.986000000000001 0.768071972312001
0.987000000000001 0.768827040281001
0.988000000000001 0.769582602944
0.989000000000001 0.770338660463
0.990000000000001 0.771095213000001
0.991000000000001 0.771852260717001
0.992000000000001 0.772609803776001
0.993000000000001 0.773367842339001
0.994000000000001 0.774126376568001
0.995000000000001 0.774885406625
0.996000000000001 0.775644932672001
0.997000000000001 0.776404954871001
0.998000000000001 0.777165473384001
0.999000000000001 0.777926488373
1.0 0.778688
1.001 0.778992743745728
1.002 0.779297566989824
1.003 0.779602469742656
1.004 0.779907452014592
1.005 0.780212513816
1.006 0.780517655157248
1.007 0.780822876048704
1.008 0.781128176500736
1.009 0.781433556523712
1.01 0.781739016128
1.011 0.782044555323968
1.012 0.782350174121984
1.013 0.782655872532416
1.014 0.782961650565632
1.015 0.783267508232
1.016 0.783573445541888
1.017 0.783879462505664
1.018 0.784185559133696
1.019 0.784491735436352
1.02 0.784797991424
1.021 0.785104327107008
1.022 0.785410742495743
1.023 0.785717237600576
1.024 0.786023812431871
1.025 0.786330467
1.026 0.786637201315328
1.027 0.786944015388223
1.028 0.787250909229055
1.029 0.787557882848191
1.03 0.787864936255999
1.031 0.788172069462847
1.032 0.788479282479103
1.033 0.788786575315135
1.034 0.789093947981311
1.035 0.789401400487999
1.036 0.789708932845567
1.037 0.790016545064383
1.038 0.790324237154815
1.039 0.790632009127231
1.04 0.790939860991999
1.041 0.791247792759487
1.042 0.791555804440063
1.043 0.791863896044095
1.044 0.792172067581951
1.045 0.792480319063999
1.046 0.792788650500607
1.047 0.793097061902143
1.048 0.793405553278975
1.049 0.793714124641471
1.05 0.794022775999999
1.051 0.794331507364927
1.05199999999999 0.794640318746622
1.05299999999999 0.794949210155454
1.05399999999999 0.795258181601791
1.05499999999999 0.795567233095999
1.05599999999999 0.795876364648447
1.05699999999999 0.796185576269502
1.05799999999999 0.796494867969534
1.05899999999999 0.79680423975891
1.05999999999999 0.797113691647998
1.06099999999999 0.797423223647166
1.06199999999999 0.797732835766782
1.06299999999999 0.798042528017214
1.06399999999999 0.79835230040883
1.06499999999999 0.798662152951998
1.06599999999999 0.798972085657086
1.06699999999999 0.799282098534462
1.06799999999999 0.799592191594494
1.06899999999999 0.79990236484755
1.06999999999999 0.800212618303998
1.07099999999999 0.800522951974206
1.07199999999999 0.800833365868542
1.07299999999999 0.801143859997374
1.07399999999999 0.80145443437107
1.07499999999999 0.801765088999998
1.07599999999999 0.802075823894526
1.07699999999999 0.802386639065022
1.07799999999999 0.802697534521854
1.07899999999999 0.80300851027539
1.07999999999999 0.803319566335998
1.08099999999999 0.803630702714046
1.08199999999999 0.803941919419901
1.08299999999999 0.804253216463933
1.08399999999999 0.804564593856509
1.08499999999999 0.804876051607997
1.08599999999999 0.805187589728765
1.08699999999999 0.805499208229181
1.08799999999999 0.805810907119613
1.08899999999999 0.806122686410429
1.08999999999999 0.806434546111997
1.09099999999999 0.806746486234685
1.09199999999999 0.807058506788861
1.09299999999999 0.807370607784893
1.09399999999999 0.807682789233149
1.09499999999999 0.807995051143997
1.09599999999999 0.808307393527805
1.09699999999999 0.808619816394941
1.09799999999999 0.808932319755773
1.09899999999999 0.809244903620669
1.09999999999999 0.809557567999997
1.10099999999999 0.80976605565491
1.10199999999999 0.809974579101694
1.10299999999999 0.810183138343422
1.10399999999999 0.810391733383166
1.10499999999999 0.810600364223998
1.10599999999999 0.81080903086899
1.10699999999999 0.811017733321214
1.10799999999999 0.811226471583742
1.10899999999999 0.811435245659646
1.10999999999999 0.811644055551998
1.11099999999999 0.81185290126387
1.11199999999999 0.812061782798334
1.11299999999999 0.812270700158462
1.11399999999999 0.812479653347326
1.11499999999999 0.812688642367998
1.11599999999999 0.81289766722355
1.11699999999999 0.813106727917054
1.11799999999999 0.813315824451581
1.11899999999999 0.813524956830205
1.11999999999999 0.813734125055998
1.12099999999999 0.81394332913203
1.12199999999999 0.814152569061373
1.12299999999999 0.814361844847101
1.12399999999999 0.814571156492285
1.12499999999999 0.814780503999998
1.12599999999999 0.814989887373309
1.12699999999999 0.815199306615293
1.12799999999999 0.815408761729021
1.12899999999999 0.815618252717565
1.12999999999999 0.815827779583997
1.13099999999999 0.816037342331389
1.13199999999999 0.816246940962813
1.13299999999999 0.816456575481341
1.13399999999999 0.816666245890045
1.13499999999999 0.816875952191997
1.13599999999999 0.817085694390269
1.13699999999999 0.817295472487933
1.13799999999999 0.817505286488061
1.13899999999999 0.817715136393725
1.13999999999999 0.817925022207997
1.14099999999999 0.818134943933949
1.14199999999999 0.818344901574653
1.14299999999998 0.818554895133181
1.14399999999998 0.818764924612605
1.14499999999998 0.818974990015997
1.14599999999998 0.819185091346429
1.14699999999998 0.819395228606973
1.14799999999998 0.819605401800701
1.14899999999998 0.819815610930685
1.14999999999998 0.820025855999997
1.15099999999998 0.820236137011709
1.15199999999998 0.820446453968893
1.15299999999998 0.820656806874621
1.15399999999998 0.820867195731965
1.15499999999998 0.821077620543997
1.15599999999998 0.821288081313789
1.15699999999998 0.821498578044413
1.15799999999998 0.821709110738941
1.15899999999998 0.821919679400445
1.15999999999998 0.822130284031997
1.16099999999998 0.822340924636669
1.16199999999998 0.822551601217533
1.16299999999998 0.82276231377766
1.16399999999998 0.822973062320124
1.16499999999998 0.823183846847997
1.16599999999998 0.823394667364349
1.16699999999998 0.823605523872252
1.16799999999998 0.82381641637478
1.16899999999998 0.824027344875004
1.16999999999998 0.824238309375996
1.17099999999998 0.824449309880828
1.17199999999998 0.824660346392572
1.17299999999998 0.8248714189143
1.17399999999998 0.825082527449084
1.17499999999998 0.825293671999996
1.17599999999998 0.825504852570108
1.17699999999998 0.825716069162492
1.17799999999998 0.82592732178022
1.17899999999998 0.826138610426364
1.17999999999998 0.826349935103996
1.18099999999998 0.826561295816188
1.18199999999998 0.826772692566012
1.18299999999998 0.82698412535654
1.18399999999998 0.827195594190844
1.18499999999998 0.827407099071996
1.18599999999998 0.827618640003068
1.18699999999998 0.827830216987132
1.18799999999998 0.82804183002726
1.18899999999998 0.828253479126524
1.18999999999998 0.828465164287996
1.19099999999998 0.828676885514748
1.19199999999998 0.828888642809852
1.19299999999998 0.82910043617638
1.19399999999998 0.829312265617404
1.19499999999998 0.829524131135996
1.19599999999998 0.829736032735228
1.19699999999998 0.829947970418172
1.19799999999998 0.8301599441879
1.19899999999998 0.830371954047484
1.19999999999998 0.830583999999996
1.20099999999998 0.830650271762514
1.20199999999998 0.830716547050124
1.20299999999998 0.830782825862921
1.20399999999998 0.830849108200999
1.20499999999998 0.830915394064452
1.20599999999998 0.830981683453374
1.20699999999998 0.831047976367858
1.20799999999998 0.831114272807999
1.20899999999998 0.831180572773889
1.20999999999998 0.831246876265624
1.21099999999998 0.831313183283296
1.21199999999998 0.831379493826999
1.21299999999998 0.831445807896827
1.21399999999998 0.831512125492874
1.21499999999998 0.831578446615233
1.21599999999998 0.831644771263999
1.21699999999998 0.831711099439264
1.21799999999998 0.831777431141124
1.21899999999998 0.831843766369671
1.21999999999998 0.831910105124999
1.22099999999998 0.831976447407202
1.22199999999998 0.832042793216374
1.22299999999998 0.832109142552608
1.22399999999998 0.832175495415999
1.22499999999998 0.832241851806639
1.22599999999998 0.832308211724623
1.22699999999998 0.832374575170046
1.22799999999998 0.832440942142998
1.22899999999998 0.832507312643577
1.22999999999998 0.832573686671873
1.23099999999998 0.832640064227983
1.23199999999998 0.832706445311998
1.23299999999998 0.832772829924014
1.23399999999997 0.832839218064123
1.23499999999997 0.83290560973242
1.23599999999997 0.832972004928998
1.23699999999997 0.833038403653952
1.23799999999997 0.833104805907373
1.23899999999997 0.833171211689358
1.23999999999997 0.833237620999998
1.24099999999997 0.833304033839389
1.24199999999997 0.833370450207623
1.24299999999997 0.833436870104795
1.24399999999997 0.833503293530998
1.24499999999997 0.833569720486327
1.24599999999997 0.833636150970873
1.24699999999997 0.833702584984733
1.24799999999997 0.833769022527998
1.24899999999997 0.833835463600764
1.24999999999997 0.833901908203123
1.25099999999997 0.83396835633517
1.25199999999997 0.834034807996998
1.25299999999997 0.834101263188702
1.25399999999997 0.834167721910373
1.25499999999997 0.834234184162108
1.25599999999997 0.834300649943998
1.25699999999997 0.834367119256139
1.25799999999997 0.834433592098623
1.25899999999997 0.834500068471545
1.25999999999997 0.834566548374998
1.26099999999997 0.834633031809077
1.26199999999997 0.834699518773873
1.26299999999997 0.834766009269483
1.26399999999997 0.834832503295998
1.26499999999997 0.834899000853514
1.26599999999997 0.834965501942123
1.26699999999997 0.83503200656192
1.26799999999997 0.835098514712998
1.26899999999997 0.835165026395451
1.26999999999997 0.835231541609373
1.27099999999997 0.835298060354858
1.27199999999997 0.835364582631998
1.27299999999997 0.835431108440889
1.27399999999997 0.835497637781623
1.27499999999997 0.835564170654295
1.27599999999997 0.835630707058998
1.27699999999997 0.835697246995826
1.27799999999997 0.835763790464873
1.27899999999997 0.835830337466233
1.27999999999997 0.835896887999998
1.28099999999997 0.835963442066264
1.28199999999997 0.836029999665123
1.28299999999997 0.83609656079667
1.28399999999997 0.836163125460998
1.28499999999997 0.836229693658201
1.28599999999997 0.836296265388373
1.28699999999997 0.836362840651608
1.28799999999997 0.836429419447998
1.28899999999997 0.836496001777639
1.28999999999997 0.836562587640623
1.29099999999997 0.836629177037045
1.29199999999997 0.836695769966998
1.29299999999997 0.836762366430576
1.29399999999997 0.836828966427873
1.29499999999997 0.836895569958983
1.29599999999997 0.836962177023998
1.29699999999997 0.837028787623014
1.29799999999997 0.837095401756123
1.29899999999997 0.83716201942342
1.29999999999997 0.837228640624998
1.30099999999997 0.837295265360951
1.30199999999997 0.837361893631373
1.30299999999997 0.837428525436357
1.30399999999997 0.837495160775998
1.30499999999997 0.837561799650389
1.30599999999997 0.837628442059623
1.30699999999997 0.837695088003795
1.30799999999997 0.837761737482998
1.30899999999997 0.837828390497326
1.30999999999997 0.837895047046873
1.31099999999997 0.837961707131732
1.31199999999997 0.838028370751998
1.31299999999997 0.838095037907764
1.31399999999997 0.838161708599123
1.31499999999997 0.83822838282617
1.31599999999997 0.838295060588998
1.31699999999997 0.838361741887701
1.31799999999997 0.838428426722373
1.31899999999997 0.838495115093107
1.31999999999997 0.838561806999998
1.32099999999997 0.838628502443139
1.32199999999997 0.838695201422623
1.32299999999997 0.838761903938545
1.32399999999996 0.838828609990998
1.32499999999996 0.838895319580076
1.32599999999996 0.838962032705873
1.32699999999996 0.839028749368482
1.32799999999996 0.839095469567998
1.32899999999996 0.839162193304513
1.32999999999996 0.839228920578123
1.33099999999996 0.83929565138892
1.33199999999996 0.839362385736998
1.33299999999996 0.839429123622451
1.33399999999996 0.839495865045373
1.33499999999996 0.839562610005857
1.33599999999996 0.839629358503998
1.33699999999996 0.839696110539888
1.33799999999996 0.839762866113623
1.33899999999996 0.839829625225295
1.33999999999996 0.839896387874998
1.34099999999996 0.839963154062826
1.34199999999996 0.840029923788873
1.34299999999996 0.840096697053232
1.34399999999996 0.840163473855998
1.34499999999996 0.840230254197263
1.34599999999996 0.840297038077123
1.34699999999996 0.84036382549567
1.34799999999996 0.840430616452998
1.34899999999996 0.840497410949201
1.34999999999996 0.840564208984373
1.35099999999996 0.840631010558607
1.35199999999996 0.840697815671998
1.35299999999996 0.840764624324638
1.35399999999996 0.840831436516623
1.35499999999996 0.840898252248045
1.35599999999996 0.840965071518998
1.35699999999996 0.841031894329576
1.35799999999996 0.841098720679872
1.35899999999996 0.841165550569982
1.35999999999996 0.841232383999997
1.36099999999996 0.841299220970013
1.36199999999996 0.841366061480122
1.36299999999996 0.841432905530419
1.36399999999996 0.841499753120997
1.36499999999996 0.841566604251951
1.36599999999996 0.841633458923372
1.36699999999996 0.841700317135357
1.36799999999996 0.841767178887997
1.36899999999996 0.841834044181388
1.36999999999996 0.841900913015622
1.37099999999996 0.841967785390794
1.37199999999996 0.842034661306997
1.37299999999996 0.842101540764326
1.37399999999996 0.842168423762872
1.37499999999996 0.842235310302732
1.37599999999996 0.842302200383997
1.37699999999996 0.842369094006763
1.37799999999996 0.842435991171122
1.37899999999996 0.842502891877169
1.37999999999996 0.842569796124997
1.38099999999996 0.842636703914701
1.38199999999996 0.842703615246372
1.38299999999996 0.842770530120107
1.38399999999996 0.842837448535997
1.38499999999996 0.842904370494138
1.38599999999996 0.842971295994622
1.38699999999996 0.843038225037544
1.38799999999996 0.843105157622997
1.38899999999996 0.843172093751076
1.38999999999996 0.843239033421872
1.39099999999996 0.843305976635482
1.39199999999996 0.843372923391997
1.39299999999996 0.843439873691513
1.39399999999996 0.843506827534122
1.39499999999996 0.843573784919919
1.39599999999996 0.843640745848997
1.39699999999996 0.843707710321451
1.39799999999996 0.843774678337372
1.39899999999996 0.843841649896857
1.39999999999996 0.843908624999997
1.40099999999996 0.843975603646888
1.40199999999996 0.844042585837622
1.40299999999996 0.844109571572294
1.40399999999996 0.844176560850997
1.40499999999996 0.844243553673825
1.40599999999996 0.844310550040872
1.40699999999996 0.844377549952232
1.40799999999996 0.844444553407997
1.40899999999996 0.844511560408263
1.40999999999996 0.844578570953122
1.41099999999996 0.844645585042669
1.41199999999996 0.844712602676997
1.41299999999996 0.8447796238562
1.41399999999996 0.844846648580372
1.41499999999995 0.844913676849607
1.41599999999995 0.844980708663997
1.41699999999995 0.845047744023638
1.41799999999995 0.845114782928622
1.41899999999995 0.845181825379044
1.41999999999995 0.845248871374997
1.42099999999995 0.845315920916575
1.42199999999995 0.845382974003872
1.42299999999995 0.845450030636982
1.42399999999995 0.845517090815997
1.42499999999995 0.845584154541013
1.42599999999995 0.845651221812122
1.42699999999995 0.845718292629419
1.42799999999995 0.845785366992997
1.42899999999995 0.84585244490295
1.42999999999995 0.845919526359372
1.43099999999995 0.845986611362357
1.43199999999995 0.846053699911997
1.43299999999995 0.846120792008388
1.43399999999995 0.846187887651622
1.43499999999995 0.846254986841794
1.43599999999995 0.846322089578997
1.43699999999995 0.846389195863325
1.43799999999995 0.846456305694872
1.43899999999995 0.846523419073731
1.43999999999995 0.846590535999997
1.44099999999995 0.846657656473763
1.44199999999995 0.846724780495122
1.44299999999995 0.846791908064169
1.44399999999995 0.846859039180997
1.44499999999995 0.8469261738457
1.44599999999995 0.846993312058372
1.44699999999995 0.847060453819106
1.44799999999995 0.847127599127997
1.44899999999995 0.847194747985138
1.44999999999995 0.847261900390622
1.45099999999995 0.847329056344544
1.45199999999995 0.847396215846997
1.45299999999995 0.847463378898075
1.45399999999995 0.847530545497872
1.45499999999995 0.847597715646481
1.45599999999995 0.847664889343997
1.45699999999995 0.847732066590513
1.45799999999995 0.847799247386122
1.45899999999995 0.847866431730919
1.45999999999995 0.847933619624997
1.46099999999995 0.84800081106845
1.46199999999995 0.848068006061372
1.46299999999995 0.848135204603856
1.46399999999995 0.848202406695997
1.46499999999995 0.848269612337887
1.46599999999995 0.848336821529622
1.46699999999995 0.848404034271294
1.46799999999995 0.848471250562997
1.46899999999995 0.848538470404825
1.46999999999995 0.848605693796872
1.47099999999995 0.848672920739231
1.47199999999995 0.848740151231997
1.47299999999995 0.848807385275262
1.47399999999995 0.848874622869122
1.47499999999995 0.848941864013669
1.47599999999995 0.849009108708997
1.47699999999995 0.8490763569552
1.47799999999995 0.849143608752372
1.47899999999995 0.849210864100606
1.47999999999995 0.849278122999997
1.48099999999995 0.849345385450637
1.48199999999995 0.849412651452622
1.48299999999995 0.849479921006044
1.48399999999995 0.849547194110997
1.48499999999995 0.849614470767575
1.48599999999995 0.849681750975872
1.48699999999995 0.849749034735981
1.48799999999995 0.849816322047997
1.48899999999995 0.849883612912012
1.48999999999995 0.849950907328122
1.49099999999995 0.850018205296419
1.49199999999995 0.850085506816996
1.49299999999995 0.85015281188995
1.49399999999995 0.850220120515371
1.49499999999995 0.850287432693356
1.49599999999995 0.850354748423996
1.49699999999995 0.850422067707387
1.49799999999995 0.850489390543621
1.49899999999995 0.850556716932793
1.49999999999995 0.850624046874996
1.50099999999995 0.850691380370325
1.50199999999995 0.850758717418871
1.50299999999995 0.850826058020731
1.50399999999995 0.850893402175996
1.50499999999995 0.850960749884762
1.50599999999994 0.851028101147121
1.50699999999994 0.851095455963168
1.50799999999994 0.851162814332996
1.50899999999994 0.8512301762567
1.50999999999994 0.851297541734371
1.51099999999994 0.851364910766106
1.51199999999994 0.851432283351996
1.51299999999994 0.851499659492137
1.51399999999994 0.851567039186621
1.51499999999994 0.851634422435543
1.51599999999994 0.851701809238996
1.51699999999994 0.851769199597075
1.51799999999994 0.851836593509871
1.51899999999994 0.851903990977481
1.51999999999994 0.851971391999996
1.52099999999994 0.852038796577512
1.52199999999994 0.852106204710121
1.52299999999994 0.852173616397918
1.52399999999994 0.852241031640996
1.52499999999994 0.852308450439449
1.52599999999994 0.852375872793371
1.52699999999994 0.852443298702856
1.52799999999994 0.852510728167996
1.52899999999994 0.852578161188887
1.52999999999994 0.852645597765621
1.53099999999994 0.852713037898293
1.53199999999994 0.852780481586996
1.53299999999994 0.852847928831824
1.53399999999994 0.852915379632871
1.53499999999994 0.852982833990231
1.53599999999994 0.853050291903996
1.53699999999994 0.853117753374262
1.53799999999994 0.853185218401121
1.53899999999994 0.853252686984668
1.53999999999994 0.853320159124996
1.54099999999994 0.853387634822199
1.54199999999994 0.853455114076371
1.54299999999994 0.853522596887606
1.54399999999994 0.853590083255996
1.54499999999994 0.853657573181637
1.54599999999994 0.853725066664621
1.54699999999994 0.853792563705043
1.54799999999994 0.853860064302996
1.54899999999994 0.853927568458574
1.54999999999994 0.853995076171871
1.55099999999994 0.854062587442981
1.55199999999994 0.854130102271996
1.55299999999994 0.854197620659012
1.55399999999994 0.854265142604121
1.55499999999994 0.854332668107418
1.55599999999994 0.854400197168996
1.55699999999994 0.854467729788949
1.55799999999994 0.854535265967371
1.55899999999994 0.854602805704356
1.55999999999994 0.854670348999996
1.56099999999994 0.854737895854387
1.56199999999994 0.854805446267621
1.56299999999994 0.854873000239793
1.56399999999994 0.854940557770996
1.56499999999994 0.855008118861324
1.56599999999994 0.855075683510871
1.56699999999994 0.85514325171973
1.56799999999994 0.855210823487996
1.56899999999994 0.855278398815762
1.56999999999994 0.855345977703121
1.57099999999994 0.855413560150168
1.57199999999994 0.855481146156996
1.57299999999994 0.855548735723699
1.57399999999994 0.855616328850371
1.57499999999994 0.855683925537105
1.57599999999994 0.855751525783996
1.57699999999994 0.855819129591137
1.57799999999994 0.855886736958621
1.57899999999994 0.855954347886543
1.57999999999994 0.856021962374996
1.58099999999994 0.856089580424074
1.58199999999994 0.856157202033871
1.58299999999994 0.85622482720448
1.58399999999994 0.856292455935996
1.58499999999994 0.856360088228512
1.58599999999994 0.856427724082121
1.58699999999994 0.856495363496918
1.58799999999994 0.856563006472996
1.58899999999994 0.856630653010449
1.58999999999994 0.856698303109371
1.59099999999994 0.856765956769855
1.59199999999994 0.856833613991996
1.59299999999994 0.856901274775887
1.59399999999994 0.856968939121621
1.59499999999994 0.857036607029293
1.59599999999994 0.857104278498996
1.59699999999993 0.857171953530824
1.59799999999993 0.857239632124871
1.59899999999993 0.85730731428123
1.59999999999993 0.857374999999996
1.60099999999993 0.857408844195312
1.60199999999993 0.857442689281264
1.60299999999993 0.857476535257863
1.60399999999993 0.857510382125123
1.60499999999993 0.857544229883055
1.60599999999993 0.85757807853167
1.60699999999993 0.85761192807098
1.60799999999993 0.857645778500998
1.60899999999993 0.857679629821734
1.60999999999993 0.857713482033201
1.61099999999993 0.85774733513541
1.61199999999993 0.857781189128373
1.61299999999993 0.857815044012102
1.61399999999993 0.857848899786607
1.61499999999993 0.857882756451902
1.61599999999993 0.857916614007998
1.61699999999993 0.857950472454906
1.61799999999993 0.857984331792638
1.61899999999993 0.858018192021207
1.61999999999993 0.858052053140623
1.62099999999993 0.858085915150898
1.62199999999993 0.858119778052045
1.62299999999993 0.858153641844074
1.62399999999993 0.858187506526998
1.62499999999993 0.858221372100828
1.62599999999993 0.858255238565576
1.62699999999993 0.858289105921254
1.62799999999993 0.858322974167873
1.62899999999993 0.858356843305445
1.62999999999993 0.858390713333982
1.63099999999993 0.858424584253496
1.63199999999993 0.858458456063998
1.63299999999993 0.8584923287655
1.63399999999993 0.858526202358013
1.63499999999993 0.85856007684155
1.63599999999993 0.858593952216123
1.63699999999993 0.858627828481742
1.63799999999993 0.85866170563842
1.63899999999993 0.858695583686168
1.63999999999993 0.858729462624998
1.64099999999993 0.858763342454922
1.64199999999993 0.858797223175951
1.64299999999993 0.858831104788097
1.64399999999993 0.858864987291373
1.64499999999993 0.858898870685789
1.64599999999993 0.858932754971357
1.64699999999993 0.858966640148089
1.64799999999993 0.859000526215998
1.64899999999993 0.859034413175094
1.64999999999993 0.859068301025388
1.65099999999993 0.859102189766894
1.65199999999993 0.859136079399623
1.65299999999993 0.859169969923586
1.65399999999993 0.859203861338795
1.65499999999993 0.859237753645261
1.65599999999993 0.859271646842998
1.65699999999993 0.859305540932015
1.65799999999993 0.859339435912326
1.65899999999993 0.859373331783941
1.65999999999993 0.859407228546873
1.66099999999993 0.859441126201133
1.66199999999993 0.859475024746732
1.66299999999993 0.859508924183683
1.66399999999993 0.859542824511998
1.66499999999993 0.859576725731687
1.66599999999993 0.859610627842763
1.66699999999993 0.859644530845238
1.66799999999993 0.859678434739123
1.66899999999993 0.859712339524429
1.66999999999993 0.859746245201169
1.67099999999993 0.859780151769355
1.67199999999993 0.859814059228998
1.67299999999993 0.859847967580109
1.67399999999993 0.859881876822701
1.67499999999993 0.859915786956785
1.67599999999993 0.859949697982373
1.67699999999993 0.859983609899476
1.67799999999993 0.860017522708107
1.67899999999993 0.860051436408277
1.67999999999993 0.860085350999998
1.68099999999993 0.860119266483281
1.68199999999993 0.860153182858138
1.68299999999993 0.860187100124582
1.68399999999993 0.860221018282623
1.68499999999993 0.860254937332273
1.68599999999993 0.860288857273544
1.68699999999993 0.860322778106449
1.68799999999992 0.860356699830998
1.68899999999992 0.860390622447203
1.68999999999992 0.860424545955076
1.69099999999992 0.860458470354628
1.69199999999992 0.860492395645873
1.69299999999992 0.86052632182882
1.69399999999992 0.860560248903482
1.69499999999992 0.86059417686987
1.69599999999992 0.860628105727998
1.69699999999992 0.860662035477875
1.69799999999992 0.860695966119513
1.69899999999992 0.860729897652925
1.69999999999992 0.860763830078123
1.70099999999992 0.860797763395117
1.70199999999992 0.860831697603919
1.70299999999992 0.860865632704542
1.70399999999992 0.860899568696998
1.70499999999992 0.860933505581296
1.70599999999992 0.860967443357451
1.70699999999992 0.861001382025472
1.70799999999992 0.861035321585373
1.70899999999992 0.861069262037164
1.70999999999992 0.861103203380857
1.71099999999992 0.861137145616464
1.71199999999992 0.861171088743998
1.71299999999992 0.861205032763468
1.71399999999992 0.861238977674888
1.71499999999992 0.861272923478269
1.71599999999992 0.861306870173623
1.71699999999992 0.86134081776096
1.71799999999992 0.861374766240294
1.71899999999992 0.861408715611636
1.71999999999992 0.861442665874998
1.72099999999992 0.86147661703039
1.72199999999992 0.861510569077826
1.72299999999992 0.861544522017316
1.72399999999992 0.861578475848873
1.72499999999992 0.861612430572507
1.72599999999992 0.861646386188232
1.72699999999992 0.861680342696058
1.72799999999992 0.861714300095998
1.72899999999992 0.861748258388062
1.72999999999992 0.861782217572263
1.73099999999992 0.861816177648613
1.73199999999992 0.861850138617123
1.73299999999992 0.861884100477804
1.73399999999992 0.861918063230669
1.73499999999992 0.86195202687573
1.73599999999992 0.861985991412998
1.73699999999992 0.862019956842484
1.73799999999992 0.8620539231642
1.73899999999992 0.862087890378159
1.73999999999992 0.862121858484373
1.74099999999992 0.862155827482851
1.74199999999992 0.862189797373607
1.74299999999992 0.862223768156652
1.74399999999992 0.862257739831997
1.74499999999992 0.862291712399656
1.74599999999992 0.862325685859638
1.74699999999992 0.862359660211956
1.74799999999992 0.862393635456623
1.74899999999992 0.862427611593648
1.74999999999992 0.862461588623044
1.75099999999992 0.862495566544823
1.75199999999992 0.862529545358998
1.75299999999992 0.862563525065578
1.75399999999992 0.862597505664575
1.75499999999992 0.862631487156003
1.75599999999992 0.862665469539872
1.75699999999992 0.862699452816195
1.75799999999992 0.862733436984982
1.75899999999992 0.862767422046245
1.75999999999992 0.862801407999997
1.76099999999992 0.862835394846249
1.76199999999992 0.862869382585013
1.76299999999992 0.8629033712163
1.76399999999992 0.862937360740123
1.76499999999992 0.862971351156491
1.76599999999992 0.863005342465419
1.76699999999992 0.863039334666917
1.76799999999992 0.863073327760997
1.76899999999992 0.863107321747671
1.76999999999992 0.86314131662695
1.77099999999992 0.863175312398847
1.77199999999992 0.863209309063372
1.77299999999992 0.863243306620538
1.77399999999992 0.863277305070357
1.77499999999992 0.863311304412839
1.77599999999992 0.863345304647997
1.77699999999992 0.863379305775843
1.77799999999991 0.863413307796388
1.77899999999991 0.863447310709644
1.77999999999991 0.863481314515622
1.78099999999991 0.863515319214335
1.78199999999991 0.863549324805794
1.78299999999991 0.863583331290011
1.78399999999991 0.863617338666997
1.78499999999991 0.863651346936765
1.78599999999991 0.863685356099325
1.78699999999991 0.86371936615469
1.78799999999991 0.863753377102872
1.78899999999991 0.863787388943882
1.78999999999991 0.863821401677732
1.79099999999991 0.863855415304433
1.79199999999991 0.863889429823997
1.79299999999991 0.863923445236437
1.79399999999991 0.863957461541763
1.79499999999991 0.863991478739987
1.79599999999991 0.864025496831122
1.79699999999991 0.864059515815179
1.79799999999991 0.864093535692169
1.79899999999991 0.864127556462104
1.79999999999991 0.864161578124997
1.80099999999991 0.864195600680859
1.80199999999991 0.8642296241297
1.80299999999991 0.864263648471534
1.80399999999991 0.864297673706372
1.80499999999991 0.864331699834226
1.80599999999991 0.864365726855106
1.80699999999991 0.864399754769026
1.80799999999991 0.864433783575997
1.80899999999991 0.86446781327603
1.80999999999991 0.864501843869138
1.81099999999991 0.864535875355331
1.81199999999991 0.864569907734622
1.81299999999991 0.864603941007023
1.81399999999991 0.864637975172544
1.81499999999991 0.864672010231198
1.81599999999991 0.864706046182997
1.81699999999991 0.864740083027952
1.81799999999991 0.864774120766075
1.81899999999991 0.864808159397378
1.81999999999991 0.864842198921872
1.82099999999991 0.864876239339569
1.82199999999991 0.864910280650481
1.82299999999991 0.86494432285462
1.82399999999991 0.864978365951997
1.82499999999991 0.865012409942624
1.82599999999991 0.865046454826513
1.82699999999991 0.865080500603675
1.82799999999991 0.865114547274122
1.82899999999991 0.865148594837866
1.82999999999991 0.865182643294919
1.83099999999991 0.865216692645292
1.83199999999991 0.865250742888997
1.83299999999991 0.865284794026046
1.83399999999991 0.86531884605645
1.83499999999991 0.865352898980222
1.83599999999991 0.865386952797372
1.83699999999991 0.865421007507913
1.83799999999991 0.865455063111856
1.83899999999991 0.865489119609214
1.83999999999991 0.865523176999997
1.84099999999991 0.865557235284218
1.84199999999991 0.865591294461888
1.84299999999991 0.865625354533018
1.84399999999991 0.865659415497622
1.84499999999991 0.86569347735571
1.84599999999991 0.865727540107294
1.84699999999991 0.865761603752386
1.84799999999991 0.865795668290997
1.84899999999991 0.86582973372314
1.84999999999991 0.865863800048825
1.85099999999991 0.865897867268065
1.85199999999991 0.865931935380872
1.85299999999991 0.865966004387257
1.85399999999991 0.866000074287231
1.85499999999991 0.866034145080807
1.85599999999991 0.866068216767997
1.85699999999991 0.866102289348812
1.85799999999991 0.866136362823263
1.85899999999991 0.866170437191362
1.85999999999991 0.866204512453122
1.86099999999991 0.866238588608554
1.86199999999991 0.866272665657669
1.86299999999991 0.866306743600479
1.86399999999991 0.866340822436997
1.86499999999991 0.866374902167233
1.86599999999991 0.8664089827912
1.86699999999991 0.866443064308909
1.86799999999991 0.866477146720372
1.8689999999999 0.8665112300256
1.8699999999999 0.866545314224606
1.8709999999999 0.866579399317401
1.8719999999999 0.866613485303997
1.8729999999999 0.866647572184405
1.8739999999999 0.866681659958638
1.8749999999999 0.866715748626706
1.8759999999999 0.866749838188622
1.8769999999999 0.866783928644397
1.8779999999999 0.866818019994044
1.8789999999999 0.866852112237573
1.8799999999999 0.866886205374997
1.8809999999999 0.866920299406327
1.8819999999999 0.866954394331575
1.8829999999999 0.866988490150753
1.8839999999999 0.867022586863872
1.8849999999999 0.867056684470944
1.8859999999999 0.867090782971981
1.8869999999999 0.867124882366995
1.8879999999999 0.867158982655997
1.8889999999999 0.867193083838999
1.8899999999999 0.867227185916012
1.8909999999999 0.867261288887049
1.8919999999999 0.867295392752122
1.8929999999999 0.867329497511241
1.8939999999999 0.867363603164419
1.8949999999999 0.867397709711667
1.8959999999999 0.867431817152997
1.8969999999999 0.867465925488421
1.8979999999999 0.86750003471795
1.8989999999999 0.867534144841596
1.8999999999999 0.867568255859372
1.9009999999999 0.867602367771288
1.9019999999999 0.867636480577356
1.9029999999999 0.867670594277589
1.9039999999999 0.867704708871997
1.9049999999999 0.867738824360593
1.9059999999999 0.867772940743387
1.9069999999999 0.867807058020393
1.9079999999999 0.867841176191622
1.9089999999999 0.867875295257085
1.9099999999999 0.867909415216794
1.9109999999999 0.86794353607076
1.9119999999999 0.867977657818997
1.9129999999999 0.868011780461514
1.9139999999999 0.868045903998325
1.9149999999999 0.86808002842944
1.9159999999999 0.868114153754872
1.9169999999999 0.868148279974632
1.9179999999999 0.868182407088731
1.9189999999999 0.868216535097182
1.9199999999999 0.868250663999997
1.9209999999999 0.868284793797186
1.9219999999999 0.868318924488762
1.9229999999999 0.868353056074737
1.9239999999999 0.868387188555122
1.9249999999999 0.868421321929928
1.9259999999999 0.868455456199169
1.9269999999999 0.868489591362854
1.9279999999999 0.868523727420997
1.9289999999999 0.868557864373608
1.9299999999999 0.8685920022207
1.9309999999999 0.868626140962284
1.9319999999999 0.868660280598372
1.9329999999999 0.868694421128975
1.9339999999999 0.868728562554106
1.9349999999999 0.868762704873776
1.9359999999999 0.868796848087997
1.9369999999999 0.86883099219678
1.9379999999999 0.868865137200137
1.9389999999999 0.868899283098081
1.9399999999999 0.868933429890622
1.9409999999999 0.868967577577772
1.9419999999999 0.869001726159544
1.9429999999999 0.869035875635948
1.9439999999999 0.869070026006997
1.9449999999999 0.869104177272702
1.9459999999999 0.869138329433075
1.9469999999999 0.869172482488127
1.9479999999999 0.869206636437872
1.9489999999999 0.869240791282319
1.9499999999999 0.869274947021481
1.9509999999999 0.86930910365537
1.9519999999999 0.869343261183997
1.9529999999999 0.869377419607374
1.9539999999999 0.869411578925512
1.9549999999999 0.869445739138424
1.9559999999999 0.869479900246122
1.9569999999999 0.869514062248616
1.9579999999999 0.869548225145918
1.9589999999999 0.869582388938041
1.95999999999989 0.869616553624997
1.96099999999989 0.869650719206795
1.96199999999989 0.86968488568345
1.96299999999989 0.869719053054971
1.96399999999989 0.869753221321372
1.96499999999989 0.869787390482663
1.96599999999989 0.869821560538856
1.96699999999989 0.869855731489963
1.96799999999989 0.869889903335997
1.96899999999989 0.869924076076967
1.96999999999989 0.869958249712887
1.97099999999989 0.869992424243768
1.97199999999989 0.870026599669622
1.97299999999989 0.87006077599046
1.97399999999989 0.870094953206293
1.97499999999989 0.870129131317135
1.97599999999989 0.870163310322997
1.97699999999989 0.870197490223889
1.97799999999989 0.870231671019825
1.97899999999989 0.870265852710815
1.97999999999989 0.870300035296872
1.98099999999989 0.870334218778006
1.98199999999989 0.870368403154231
1.98299999999989 0.870402588425557
1.98399999999989 0.870436774591997
1.98499999999989 0.870470961653561
1.98599999999989 0.870505149610262
1.98699999999989 0.870539338462112
1.98799999999989 0.870573528209122
1.98899999999989 0.870607718851303
1.98999999999989 0.870641910388668
1.99099999999989 0.870676102821229
1.99199999999989 0.870710296148997
1.99299999999989 0.870744490371983
1.99399999999989 0.8707786854902
1.99499999999989 0.870812881503658
1.99599999999989 0.870847078412372
1.99699999999989 0.87088127621635
1.99799999999989 0.870915474915606
1.99899999999989 0.870949674510151
1.99999999999989 0.870983874999997
