0.37 0.96
0.371 0.960272727272727
0.372 0.960545454545455
0.373 0.960818181818182
0.374 0.961090909090909
0.375 0.961363636363636
0.376 0.961636363636364
0.377 0.961909090909091
0.378 0.962181818181818
0.379 0.962454545454546
0.38 0.962727272727273
0.381 0.963
0.382 0.963272727272727
0.383 0.963545454545455
0.384 0.963818181818182
0.385 0.964090909090909
0.386 0.964363636363636
0.387 0.964636363636364
0.388 0.964909090909091
0.389 0.965181818181818
0.39 0.965454545454546
0.391 0.965727272727273
0.392 0.966
0.393 0.966272727272727
0.394 0.966545454545455
0.395 0.966818181818182
0.396 0.967090909090909
0.397 0.967363636363636
0.398 0.967636363636364
0.399 0.967909090909091
0.4 0.968181818181818
0.401 0.968454545454546
0.402 0.968727272727273
0.403 0.969
0.404 0.969272727272727
0.405 0.969545454545455
0.406 0.969818181818182
0.407 0.970090909090909
0.408 0.970363636363636
0.409 0.970636363636364
0.41 0.970909090909091
0.411 0.971181818181818
0.412 0.971454545454546
0.413 0.971727272727273
0.414 0.972
0.415 0.972272727272727
0.416 0.972545454545455
0.417 0.972818181818182
0.418 0.973090909090909
0.419 0.973363636363636
0.42 0.973636363636364
0.421 0.973909090909091
0.422 0.974181818181818
0.423 0.974454545454546
0.424 0.974727272727273
0.425 0.975
0.426 0.975272727272727
0.427 0.975545454545455
0.428 0.975818181818182
0.429 0.976090909090909
0.43 0.976363636363636
0.431 0.976636363636364
0.432 0.976909090909091
0.433 0.977181818181818
0.434 0.977454545454545
0.435 0.977727272727273
0.436 0.978
0.437 0.978272727272727
0.438 0.978545454545455
0.439 0.978818181818182
0.44 0.979090909090909
0.441 0.979363636363636
0.442 0.979636363636364
0.443 0.979909090909091
0.444 0.980181818181818
0.445 0.980454545454545
0.446 0.980727272727273
0.447 0.981
0.448 0.981272727272727
0.449 0.981545454545455
0.45 0.981818181818182
0.451 0.982090909090909
0.452 0.982363636363636
0.453 0.982636363636364
0.454 0.982909090909091
0.455 0.983181818181818
0.456 0.983454545454545
0.457 0.983727272727273
0.458 0.984
0.459 0.984272727272727
0.46 0.984545454545455
0.461 0.984818181818182
0.462 0.985090909090909
0.463 0.985363636363636
0.464 0.985636363636364
0.465 0.985909090909091
0.466 0.986181818181818
0.467 0.986454545454545
0.468 0.986727272727273
0.469 0.987
0.47 0.987272727272727
0.471 0.987545454545455
0.472 0.987818181818182
0.473 0.988090909090909
0.474 0.988363636363636
0.475 0.988636363636364
0.476 0.988909090909091
0.477 0.989181818181818
0.478 0.989454545454545
0.479 0.989727272727273
0.48 0.99
0.481 0.990041666666667
0.482 0.990083333333333
0.483 0.990125
0.484 0.990166666666667
0.485 0.990208333333333
0.486 0.99025
0.487 0.990291666666667
0.488 0.990333333333333
0.489 0.990375
0.49 0.990416666666667
0.491 0.990458333333333
0.492 0.9905
0.493 0.990541666666667
0.494 0.990583333333333
0.495 0.990625
0.496 0.990666666666667
0.497 0.990708333333333
0.498 0.99075
0.499 0.990791666666667
0.5 0.990833333333333
0.501 0.990875
0.502 0.990916666666667
0.503 0.990958333333333
0.504 0.991
0.505 0.991041666666667
0.506 0.991083333333333
0.507 0.991125
0.508 0.991166666666667
0.509 0.991208333333333
0.51 0.99125
0.511 0.991291666666667
0.512 0.991333333333333
0.513 0.991375
0.514 0.991416666666667
0.515 0.991458333333333
0.516 0.9915
0.517 0.991541666666667
0.518 0.991583333333333
0.519 0.991625
0.52 0.991666666666667
0.521 0.991708333333333
0.522 0.99175
0.523 0.991791666666667
0.524 0.991833333333333
0.525 0.991875
0.526 0.991916666666667
0.527 0.991958333333333
0.528 0.992
0.529 0.992041666666667
0.53 0.992083333333333
0.531 0.992125
0.532 0.992166666666667
0.533 0.992208333333333
0.534 0.99225
0.535 0.992291666666667
0.536 0.992333333333333
0.537 0.992375
0.538 0.992416666666667
0.539 0.992458333333333
0.54 0.9925
0.541 0.992541666666667
0.542 0.992583333333333
0.543 0.992625
0.544 0.992666666666667
0.545 0.992708333333333
0.546 0.99275
0.547 0.992791666666667
0.548 0.992833333333333
0.549 0.992875
0.55 0.992916666666667
0.551 0.992958333333333
0.552 0.993
0.553 0.993041666666667
0.554 0.993083333333333
0.555 0.993125
0.556 0.993166666666667
0.557 0.993208333333333
0.558 0.99325
0.559 0.993291666666667
0.56 0.993333333333333
0.561 0.993375
0.562 0.993416666666667
0.563 0.993458333333333
0.564 0.9935
0.565 0.993541666666667
0.566 0.993583333333333
0.567 0.993625
0.568 0.993666666666667
0.569 0.993708333333333
0.57 0.99375
0.571 0.993791666666667
0.572 0.993833333333333
0.573 0.993875
0.574 0.993916666666667
0.575 0.993958333333333
0.576 0.994
0.577 0.994041666666667
0.578 0.994083333333333
0.579 0.994125
0.58 0.994166666666667
0.581 0.994208333333333
0.582 0.99425
0.583 0.994291666666667
0.584 0.994333333333333
0.585 0.994375
0.586 0.994416666666667
0.587 0.994458333333333
0.588 0.9945
0.589 0.994541666666667
0.59 0.994583333333333
0.591 0.994625
0.592 0.994666666666667
0.593 0.994708333333333
0.594 0.99475
0.595 0.994791666666667
0.596 0.994833333333333
0.597 0.994875
0.598 0.994916666666667
0.599 0.994958333333333
0.6 0.995
0.601 0.995
0.602 0.995
0.603 0.995
0.604 0.995
0.605 0.995
0.606 0.995
0.607 0.995
0.608 0.995
0.609 0.995
0.61 0.995
0.611 0.995
0.612 0.995
0.613 0.995
0.614 0.995
0.615 0.995
0.616 0.995
0.617 0.995
0.618 0.995
0.619 0.995
0.62 0.995
0.621 0.995
0.622 0.995
0.623 0.995
0.624 0.995
0.625 0.995
0.626 0.995
0.627 0.995
0.628 0.995
0.629 0.995
0.63 0.995
0.631 0.995
0.632 0.995
0.633 0.995
0.634 0.995
0.635 0.995
0.636 0.995
0.637 0.995
0.638 0.995
0.639 0.995
0.64 0.995
0.641 0.995
0.642 0.995
0.643 0.995
0.644 0.995
0.645 0.995
0.646 0.995
0.647 0.995
0.648 0.995
0.649 0.995
0.65 0.995
0.651 0.995
0.652 0.995
0.653 0.995
0.654 0.995
0.655 0.995
0.656 0.995
0.657 0.995
0.658 0.995
0.659 0.995
0.66 0.995
0.661 0.995
0.662 0.995
0.663 0.995
0.664 0.995
0.665 0.995
0.666 0.995
0.667 0.995
0.668 0.995
0.669 0.995
0.67 0.995
0.671 0.995
0.672 0.995
0.673 0.995
0.674 0.995
0.675 0.995
0.676 0.995
0.677 0.995
0.678 0.995
0.679 0.995
0.68 0.995
0.681 0.995
0.682 0.995
0.683 0.995
0.684 0.995
0.685 0.995
0.686 0.995
0.687 0.995
0.688 0.995
0.689 0.995
0.69 0.995
0.691 0.995
0.692 0.995
0.693 0.995
0.694 0.995
0.695 0.995
0.696 0.995
0.697 0.995
0.698 0.995
0.699 0.995
0.7 0.995
0.701 0.995
0.702 0.995
0.703 0.995
0.704 0.995
0.705 0.995
0.706 0.995
0.707 0.995
0.708 0.995
0.709 0.995
0.71 0.995
0.711 0.995
0.712 0.995
0.713 0.995
0.714 0.995
0.715 0.995
0.716 0.995
0.717 0.995
0.718 0.995
0.719 0.995
0.72 0.995
0.721 0.995
0.722 0.995
0.723 0.995
0.724 0.995
0.725 0.995
0.726 0.995
0.727 0.995
0.728 0.995
0.729 0.995
0.73 0.995
0.731 0.995
0.732 0.995
0.733 0.995
0.734 0.995
0.735 0.995
0.736 0.995
0.737 0.995
0.738 0.995
0.739 0.995
0.74 0.995
0.741 0.995
0.742 0.995
0.743 0.995
0.744 0.995
0.745 0.995
0.746 0.995
0.747 0.995
0.748 0.995
0.749 0.995
0.75 0.995
0.751 0.995
0.752 0.995
0.753 0.995
0.754 0.995
0.755 0.995
0.756 0.995
0.757 0.995
0.758 0.995
0.759 0.995
0.76 0.995
0.761 0.995
0.762 0.995
0.763 0.995
0.764 0.995
0.765 0.995
0.766 0.995
0.767 0.995
0.768 0.995
0.769 0.995
0.77 0.995
0.771 0.995
0.772 0.995
0.773 0.995
0.774 0.995
0.775 0.995
0.776 0.995
0.777 0.995
0.778 0.995
0.779 0.995
0.78 0.995
0.781 0.995
0.782 0.995
0.783 0.995
0.784 0.995
0.785 0.995
0.786 0.995
0.787 0.995
0.788 0.995
0.789 0.995
0.79 0.995
0.791 0.995
0.792 0.995
0.793 0.995
0.794 0.995
0.795 0.995
0.796 0.995
0.797 0.995
0.798 0.995
0.799 0.995
0.8 0.995
0.801 0.995
0.802 0.995
0.803 0.995
0.804 0.995
0.805 0.995
0.806 0.995
0.807 0.995
0.808 0.995
0.809 0.995
0.81 0.995
0.811 0.995
0.812 0.995
0.813000000000001 0.995
0.814000000000001 0.995
0.815000000000001 0.995
0.816000000000001 0.995
0.817000000000001 0.995
0.818000000000001 0.995
0.819000000000001 0.995
0.820000000000001 0.995
0.821000000000001 0.995
0.822000000000001 0.995
0.823000000000001 0.995
0.824000000000001 0.995
0.825000000000001 0.995
0.826000000000001 0.995
0.827000000000001 0.995
0.828000000000001 0.995
0.829000000000001 0.995
0.830000000000001 0.995
0.831000000000001 0.995
0.832000000000001 0.995
0.833000000000001 0.995
0.834000000000001 0.995
0.835000000000001 0.995
0.836000000000001 0.995
0.837000000000001 0.995
0.838000000000001 0.995
0.839000000000001 0.995
0.840000000000001 0.995
0.841000000000001 0.995
0.842000000000001 0.995
0.843000000000001 0.995
0.844000000000001 0.995
0.845000000000001 0.995
0.846000000000001 0.995
0.847000000000001 0.995
0.848000000000001 0.995
0.849000000000001 0.995
0.850000000000001 0.995
0.851000000000001 0.995
0.852000000000001 0.995
0.853000000000001 0.995
0.854000000000001 0.995
0.855000000000001 0.995
0.856000000000001 0.995
0.857000000000001 0.995
0.858000000000001 0.995
0.859000000000001 0.995
0.860000000000001 0.995
0.861000000000001 0.995
0.862000000000001 0.995
0.863000000000001 0.995
0.864000000000001 0.995
0.865000000000001 0.995
0.866000000000001 0.995
0.867000000000001 0.995
0.868000000000001 0.995
0.869000000000001 0.995
0.870000000000001 0.995
0.871000000000001 0.995
0.872000000000001 0.995
0.873000000000001 0.995
0.874000000000001 0.995
0.875000000000001 0.995
0.876000000000001 0.995
0.877000000000001 0.995
0.878000000000001 0.995
0.879000000000001 0.995
0.880000000000001 0.995
0.881000000000001 0.995
0.882000000000001 0.995
0.883000000000001 0.995
0.884000000000001 0.995
0.885000000000001 0.995
0.886000000000001 0.995
0.887000000000001 0.995
0.888000000000001 0.995
0.889000000000001 0.995
0.890000000000001 0.995
0.891000000000001 0.995
0.892000000000001 0.995
0.893000000000001 0.995
0.894000000000001 0.995
0.895000000000001 0.995
0.896000000000001 0.995
0.897000000000001 0.995
0.898000000000001 0.995
0.899000000000001 0.995
0.900000000000001 0.995
0.901000000000001 0.99495
0.902000000000001 0.9949
0.903000000000001 0.99485
0.904000000000001 0.9948
0.905000000000001 0.99475
0.906000000000001 0.9947
0.907000000000001 0.99465
0.908000000000001 0.9946
0.909000000000001 0.99455
0.910000000000001 0.9945
0.911000000000001 0.99445
0.912000000000001 0.9944
0.913000000000001 0.99435
0.914000000000001 0.9943
0.915000000000001 0.99425
0.916000000000001 0.9942
0.917000000000001 0.99415
0.918000000000001 0.9941
0.919000000000001 0.99405
0.920000000000001 0.994
0.921000000000001 0.99395
0.922000000000001 0.9939
0.923000000000001 0.99385
0.924000000000001 0.9938
0.925000000000001 0.99375
0.926000000000001 0.9937
0.927000000000001 0.99365
0.928000000000001 0.9936
0.929000000000001 0.99355
0.930000000000001 0.9935
0.931000000000001 0.99345
0.932000000000001 0.9934
0.933000000000001 0.99335
0.934000000000001 0.9933
0.935000000000001 0.99325
0.936000000000001 0.9932
0.937000000000001 0.99315
0.938000000000001 0.9931
0.939000000000001 0.99305
0.940000000000001 0.993
0.941000000000001 0.99295
0.942000000000001 0.9929
0.943000000000001 0.99285
0.944000000000001 0.9928
0.945000000000001 0.99275
0.946000000000001 0.9927
0.947000000000001 0.99265
0.948000000000001 0.9926
0.949000000000001 0.99255
0.950000000000001 0.9925
0.951000000000001 0.99245
0.952000000000001 0.9924
0.953000000000001 0.99235
0.954000000000001 0.9923
0.955000000000001 0.99225
0.956000000000001 0.9922
0.957000000000001 0.99215
0.958000000000001 0.9921
0.959000000000001 0.99205
0.960000000000001 0.992
0.961000000000001 0.99195
0.962000000000001 0.9919
0.963000000000001 0.99185
0.964000000000001 0.9918
0.965000000000001 0.99175
0.966000000000001 0.9917
0.967000000000001 0.99165
0.968000000000001 0.9916
0.969000000000001 0.99155
0.970000000000001 0.9915
0.971000000000001 0.99145
0.972000000000001 0.9914
0.973000000000001 0.99135
0.974000000000001 0.9913
0.975000000000001 0.99125
0.976000000000001 0.9912
0.977000000000001 0.99115
0.978000000000001 0.9911
0.979000000000001 0.99105
0.980000000000001 0.991
0.981000000000001 0.99095
0.982000000000001 0.9909
0.983000000000001 0.99085
0.984000000000001 0.9908
0.985000000000001 0.99075
0.986000000000001 0.9907
0.987000000000001 0.99065
0.988000000000001 0.9906
0.989000000000001 0.99055
0.990000000000001 0.9905
0.991000000000001 0.99045
0.992000000000001 0.9904
0.993000000000001 0.99035
0.994000000000001 0.9903
0.995000000000001 0.99025
0.996000000000001 0.9902
0.997000000000001 0.99015
0.998000000000001 0.9901
0.999000000000001 0.99005
1.0 0.99
1.001 0.9894
1.002 0.9888
1.003 0.9882
1.004 0.9876
1.005 0.987
1.006 0.9864
1.007 0.9858
1.008 0.9852
1.009 0.9846
1.01 0.984
1.011 0.9834
1.012 0.9828
1.013 0.982200000000001
1.014 0.981600000000001
1.015 0.981000000000001
1.016 0.980400000000001
1.017 0.979800000000001
1.018 0.979200000000001
1.019 0.978600000000001
1.02 0.978000000000001
1.021 0.977400000000001
1.022 0.976800000000001
1.023 0.976200000000001
1.024 0.975600000000001
1.025 0.975000000000001
1.026 0.974400000000001
1.027 0.973800000000001
1.028 0.973200000000002
1.029 0.972600000000002
1.03 0.972000000000002
1.031 0.971400000000002
1.032 0.970800000000002
1.033 0.970200000000002
1.034 0.969600000000002
1.035 0.969000000000002
1.036 0.968400000000002
1.037 0.967800000000002
1.038 0.967200000000002
1.039 0.966600000000002
1.04 0.966000000000002
1.041 0.965400000000002
1.042 0.964800000000002
1.043 0.964200000000002
1.044 0.963600000000003
1.045 0.963000000000003
1.046 0.962400000000003
1.047 0.961800000000003
1.048 0.961200000000003
1.049 0.960600000000003
1.05 0.960000000000003
